108,102,100,116,28,106,117
115,69,137,39,132,150,79
17,105,120,86,129,131,83
125,75,46,6,101,148,123
50,65,103,110,145,26,149
59,134,81,37,90,77,40
94,139,142,85,64,7,62
19,27,133,76,92,20,61
58,45,48,84,36,138,21
122,23,74,97,146,41,141
113,47,87,143,42,96,51
118,136,49,13,71,31,43
104,111,109,11,29,30,98
4,8,1,119,35,32,91
2,107,95,93,70,78,114
54,22,9,14,25,34,12
80,56,99,15,53,24,5
112,67,66,144,10,89,63
44,3,82,124,127,57,60
135,18,140,73,72,52,38
102,100,116,28,106,117,55
69,137,39,132,150,79,128
105,120,86,129,131,83,33
75,46,6,101,148,123,88
65,103,110,145,26,149,130
134,81,37,90,77,40,68
139,142,85,64,7,62,126
27,133,76,92,20,61,147
45,48,84,36,138,21,16
23,74,97,146,41,141,121
47,87,143,42,96,51,108
136,49,13,71,31,43,115
111,109,11,29,30,98,17
8,1,119,35,32,91,125
107,95,93,70,78,114,50
22,9,14,25,34,12,59
56,99,15,53,24,5,94
67,66,144,10,89,63,19
3,82,124,127,57,60,58
18,140,73,72,52,38,122
100,116,28,106,117,55,113
137,39,132,150,79,128,118
120,86,129,131,83,33,104
46,6,101,148,123,88,4
103,110,145,26,149,130,2
81,37,90,77,40,68,54
142,85,64,7,62,126,80
133,76,92,20,61,147,112
48,84,36,138,21,16,44
74,97,146,41,141,121,135
87,143,42,96,51,108,102
49,13,71,31,43,115,69
109,11,29,30,98,17,105
1,119,35,32,91,125,75
95,93,70,78,114,50,65
9,14,25,34,12,59,134
99,15,53,24,5,94,139
66,144,10,89,63,19,27
82,124,127,57,60,58,45
140,73,72,52,38,122,23
116,28,106,117,55,113,47
39,132,150,79,128,118,136
86,129,131,83,33,104,111
6,101,148,123,88,4,8
110,145,26,149,130,2,107
37,90,77,40,68,54,22
85,64,7,62,126,80,56
76,92,20,61,147,112,67
84,36,138,21,16,44,3
97,146,41,141,121,135,18
143,42,96,51,108,102,100
13,71,31,43,115,69,137
11,29,30,98,17,105,120
119,35,32,91,125,75,46
93,70,78,114,50,65,103
14,25,34,12,59,134,81
15,53,24,5,94,139,142
144,10,89,63,19,27,133
124,127,57,60,58,45,48
73,72,52,38,122,23,74
28,106,117,55,113,47,87
132,150,79,128,118,136,49
129,131,83,33,104,111,109
101,148,123,88,4,8,1
145,26,149,130,2,107,95
90,77,40,68,54,22,9
64,7,62,126,80,56,99
92,20,61,147,112,67,66
36,138,21,16,44,3,82
146,41,141,121,135,18,140
42,96,51,108,102,100,116
71,31,43,115,69,137,39
29,30,98,17,105,120,86
35,32,91,125,75,46,6
70,78,114,50,65,103,110
25,34,12,59,134,81,37
53,24,5,94,139,142,85
10,89,63,19,27,133,76
127,57,60,58,45,48,84
72,52,38,122,23,74,97
106,117,55,113,47,87,143
150,79,128,118,136,49,13
131,83,33,104,111,109,11
148,123,88,4,8,1,119
26,149,130,2,107,95,93
77,40,68,54,22,9,14
7,62,126,80,56,99,15
20,61,147,112,67,66,144
138,21,16,44,3,82,124
41,141,121,135,18,140,73
96,51,108,102,100,116,28
31,43,115,69,137,39,132
30,98,17,105,120,86,129
32,91,125,75,46,6,101
78,114,50,65,103,110,145
34,12,59,134,81,37,90
24,5,94,139,142,85,64
89,63,19,27,133,76,92
57,60,58,45,48,84,36
52,38,122,23,74,97,146
117,55,113,47,87,143,42
79,128,118,136,49,13,71
83,33,104,111,109,11,29
123,88,4,8,1,119,35
149,130,2,107,95,93,70
40,68,54,22,9,14,25
62,126,80,56,99,15,53
61,147,112,67,66,144,10
21,16,44,3,82,124,127
141,121,135,18,140,73,72
