81,53,7,138,45,121,14
49,91,31,54,110,4,46
16,103,132,104,147,29,115
88,82,55,74,87,77,139
127,96,66,134,61,2,125
36,27,86,71,93,98,57
146,90,123,70,122,89,47
80,135,39,133,92,64,73
120,52,99,131,41,34,51
144,23,33,19,38,6,108
10,101,59,102,137,40,129
60,106,5,9,26,67,30
150,22,76,17,97,32,126
3,94,113,136,149,130,145
105,28,58,15,114,117,116
124,107,11,83,25,20,128
141,43,8,24,85,78,69
56,72,111,21,35,109,142
18,12,44,1,63,140,79
143,118,119,62,48,13,84
53,7,138,45,121,14,112
91,31,54,110,4,46,75
103,132,104,147,29,115,95
82,55,74,87,77,139,68
96,66,134,61,2,125,65
27,86,71,93,98,57,100
90,123,70,122,89,47,42
135,39,133,92,64,73,148
52,99,131,41,34,51,50
23,33,19,38,6,108,37
101,59,102,137,40,129,81
106,5,9,26,67,30,49
22,76,17,97,32,126,16
94,113,136,149,130,145,88
28,58,15,114,117,116,127
107,11,83,25,20,128,36
43,8,24,85,78,69,146
72,111,21,35,109,142,80
12,44,1,63,140,79,120
118,119,62,48,13,84,144
7,138,45,121,14,112,10
31,54,110,4,46,75,60
132,104,147,29,115,95,150
55,74,87,77,139,68,3
66,134,61,2,125,65,105
86,71,93,98,57,100,124
123,70,122,89,47,42,141
39,133,92,64,73,148,56
99,131,41,34,51,50,18
33,19,38,6,108,37,143
59,102,137,40,129,81,53
5,9,26,67,30,49,91
76,17,97,32,126,16,103
113,136,149,130,145,88,82
58,15,114,117,116,127,96
11,83,25,20,128,36,27
8,24,85,78,69,146,90
111,21,35,109,142,80,135
44,1,63,140,79,120,52
119,62,48,13,84,144,23
138,45,121,14,112,10,101
54,110,4,46,75,60,106
104,147,29,115,95,150,22
74,87,77,139,68,3,94
134,61,2,125,65,105,28
71,93,98,57,100,124,107
70,122,89,47,42,141,43
133,92,64,73,148,56,72
131,41,34,51,50,18,12
19,38,6,108,37,143,118
102,137,40,129,81,53,7
9,26,67,30,49,91,31
17,97,32,126,16,103,132
136,149,130,145,88,82,55
15,114,117,116,127,96,66
83,25,20,128,36,27,86
24,85,78,69,146,90,123
21,35,109,142,80,135,39
1,63,140,79,120,52,99
62,48,13,84,144,23,33
45,121,14,112,10,101,59
110,4,46,75,60,106,5
147,29,115,95,150,22,76
87,77,139,68,3,94,113
61,2,125,65,105,28,58
93,98,57,100,124,107,11
122,89,47,42,141,43,8
92,64,73,148,56,72,111
41,34,51,50,18,12,44
38,6,108,37,143,118,119
137,40,129,81,53,7,138
26,67,30,49,91,31,54
97,32,126,16,103,132,104
149,130,145,88,82,55,74
114,117,116,127,96,66,134
25,20,128,36,27,86,71
85,78,69,146,90,123,70
35,109,142,80,135,39,133
63,140,79,120,52,99,131
48,13,84,144,23,33,19
121,14,112,10,101,59,102
4,46,75,60,106,5,9
29,115,95,150,22,76,17
77,139,68,3,94,113,136
2,125,65,105,28,58,15
98,57,100,124,107,11,83
89,47,42,141,43,8,24
64,73,148,56,72,111,21
34,51,50,18,12,44,1
6,108,37,143,118,119,62
40,129,81,53,7,138,45
67,30,49,91,31,54,110
32,126,16,103,132,104,147
130,145,88,82,55,74,87
117,116,127,96,66,134,61
20,128,36,27,86,71,93
78,69,146,90,123,70,122
109,142,80,135,39,133,92
140,79,120,52,99,131,41
13,84,144,23,33,19,38
14,112,10,101,59,102,137
46,75,60,106,5,9,26
115,95,150,22,76,17,97
139,68,3,94,113,136,149
125,65,105,28,58,15,114
57,100,124,107,11,83,25
47,42,141,43,8,24,85
73,148,56,72,111,21,35
51,50,18,12,44,1,63
108,37,143,118,119,62,48
