86,50,45,108,56,64,146,54,100,15,104,125,14,129,136,141,120,148,43,69,68,79,38,110,131,75,41,137,2,42
138,47,48,44,107,92,116,46,65,130,8,84,39,128,5,74,99,149,121,58,145,25,122,134,114,7,29,31,87,85
3,51,112,106,139,113,132,96,13,144,20,76,70,61,24,1,60,140,102,115,11,72,23,49,33,89,17,35,101,119
98,66,82,133,67,143,123,40,36,83,57,18,135,63,118,117,52,90,28,73,88,34,9,27,150,81,53,71,78,103
95,62,32,37,19,91,94,22,97,30,124,12,80,77,6,55,127,105,142,111,93,126,109,26,16,4,21,59,10,147
50,45,108,56,64,146,54,100,15,104,125,14,129,136,141,120,148,43,69,68,79,38,110,131,75,41,137,2,42,86
47,48,44,107,92,116,46,65,130,8,84,39,128,5,74,99,149,121,58,145,25,122,134,114,7,29,31,87,85,138
51,112,106,139,113,132,96,13,144,20,76,70,61,24,1,60,140,102,115,11,72,23,49,33,89,17,35,101,119,3
66,82,133,67,143,123,40,36,83,57,18,135,63,118,117,52,90,28,73,88,34,9,27,150,81,53,71,78,103,98
62,32,37,19,91,94,22,97,30,124,12,80,77,6,55,127,105,142,111,93,126,109,26,16,4,21,59,10,147,95
45,108,56,64,146,54,100,15,104,125,14,129,136,141,120,148,43,69,68,79,38,110,131,75,41,137,2,42,86,50
48,44,107,92,116,46,65,130,8,84,39,128,5,74,99,149,121,58,145,25,122,134,114,7,29,31,87,85,138,47
112,106,139,113,132,96,13,144,20,76,70,61,24,1,60,140,102,115,11,72,23,49,33,89,17,35,101,119,3,51
82,133,67,143,123,40,36,83,57,18,135,63,118,117,52,90,28,73,88,34,9,27,150,81,53,71,78,103,98,66
32,37,19,91,94,22,97,30,124,12,80,77,6,55,127,105,142,111,93,126,109,26,16,4,21,59,10,147,95,62
108,56,64,146,54,100,15,104,125,14,129,136,141,120,148,43,69,68,79,38,110,131,75,41,137,2,42,86,50,45
44,107,92,116,46,65,130,8,84,39,128,5,74,99,149,121,58,145,25,122,134,114,7,29,31,87,85,138,47,48
106,139,113,132,96,13,144,20,76,70,61,24,1,60,140,102,115,11,72,23,49,33,89,17,35,101,119,3,51,112
133,67,143,123,40,36,83,57,18,135,63,118,117,52,90,28,73,88,34,9,27,150,81,53,71,78,103,98,66,82
37,19,91,94,22,97,30,124,12,80,77,6,55,127,105,142,111,93,126,109,26,16,4,21,59,10,147,95,62,32
56,64,146,54,100,15,104,125,14,129,136,141,120,148,43,69,68,79,38,110,131,75,41,137,2,42,86,50,45,108
107,92,116,46,65,130,8,84,39,128,5,74,99,149,121,58,145,25,122,134,114,7,29,31,87,85,138,47,48,44
139,113,132,96,13,144,20,76,70,61,24,1,60,140,102,115,11,72,23,49,33,89,17,35,101,119,3,51,112,106
67,143,123,40,36,83,57,18,135,63,118,117,52,90,28,73,88,34,9,27,150,81,53,71,78,103,98,66,82,133
19,91,94,22,97,30,124,12,80,77,6,55,127,105,142,111,93,126,109,26,16,4,21,59,10,147,95,62,32,37
64,146,54,100,15,104,125,14,129,136,141,120,148,43,69,68,79,38,110,131,75,41,137,2,42,86,50,45,108,56
92,116,46,65,130,8,84,39,128,5,74,99,149,121,58,145,25,122,134,114,7,29,31,87,85,138,47,48,44,107
113,132,96,13,144,20,76,70,61,24,1,60,140,102,115,11,72,23,49,33,89,17,35,101,119,3,51,112,106,139
143,123,40,36,83,57,18,135,63,118,117,52,90,28,73,88,34,9,27,150,81,53,71,78,103,98,66,82,133,67
91,94,22,97,30,124,12,80,77,6,55,127,105,142,111,93,126,109,26,16,4,21,59,10,147,95,62,32,37,19
146,54,100,15,104,125,14,129,136,141,120,148,43,69,68,79,38,110,131,75,41,137,2,42,86,50,45,108,56,64
116,46,65,130,8,84,39,128,5,74,99,149,121,58,145,25,122,134,114,7,29,31,87,85,138,47,48,44,107,92
132,96,13,144,20,76,70,61,24,1,60,140,102,115,11,72,23,49,33,89,17,35,101,119,3,51,112,106,139,113
123,40,36,83,57,18,135,63,118,117,52,90,28,73,88,34,9,27,150,81,53,71,78,103,98,66,82,133,67,143
94,22,97,30,124,12,80,77,6,55,127,105,142,111,93,126,109,26,16,4,21,59,10,147,95,62,32,37,19,91
54,100,15,104,125,14,129,136,141,120,148,43,69,68,79,38,110,131,75,41,137,2,42,86,50,45,108,56,64,146
46,65,130,8,84,39,128,5,74,99,149,121,58,145,25,122,134,114,7,29,31,87,85,138,47,48,44,107,92,116
96,13,144,20,76,70,61,24,1,60,140,102,115,11,72,23,49,33,89,17,35,101,119,3,51,112,106,139,113,132
40,36,83,57,18,135,63,118,117,52,90,28,73,88,34,9,27,150,81,53,71,78,103,98,66,82,133,67,143,123
22,97,30,124,12,80,77,6,55,127,105,142,111,93,126,109,26,16,4,21,59,10,147,95,62,32,37,19,91,94
100,15,104,125,14,129,136,141,120,148,43,69,68,79,38,110,131,75,41,137,2,42,86,50,45,108,56,64,146,54
65,130,8,84,39,128,5,74,99,149,121,58,145,25,122,134,114,7,29,31,87,85,138,47,48,44,107,92,116,46
13,144,20,76,70,61,24,1,60,140,102,115,11,72,23,49,33,89,17,35,101,119,3,51,112,106,139,113,132,96
36,83,57,18,135,63,118,117,52,90,28,73,88,34,9,27,150,81,53,71,78,103,98,66,82,133,67,143,123,40
97,30,124,12,80,77,6,55,127,105,142,111,93,126,109,26,16,4,21,59,10,147,95,62,32,37,19,91,94,22
15,104,125,14,129,136,141,120,148,43,69,68,79,38,110,131,75,41,137,2,42,86,50,45,108,56,64,146,54,100
130,8,84,39,128,5,74,99,149,121,58,145,25,122,134,114,7,29,31,87,85,138,47,48,44,107,92,116,46,65
144,20,76,70,61,24,1,60,140,102,115,11,72,23,49,33,89,17,35,101,119,3,51,112,106,139,113,132,96,13
83,57,18,135,63,118,117,52,90,28,73,88,34,9,27,150,81,53,71,78,103,98,66,82,133,67,143,123,40,36
30,124,12,80,77,6,55,127,105,142,111,93,126,109,26,16,4,21,59,10,147,95,62,32,37,19,91,94,22,97
104,125,14,129,136,141,120,148,43,69,68,79,38,110,131,75,41,137,2,42,86,50,45,108,56,64,146,54,100,15
8,84,39,128,5,74,99,149,121,58,145,25,122,134,114,7,29,31,87,85,138,47,48,44,107,92,116,46,65,130
20,76,70,61,24,1,60,140,102,115,11,72,23,49,33,89,17,35,101,119,3,51,112,106,139,113,132,96,13,144
57,18,135,63,118,117,52,90,28,73,88,34,9,27,150,81,53,71,78,103,98,66,82,133,67,143,123,40,36,83
124,12,80,77,6,55,127,105,142,111,93,126,109,26,16,4,21,59,10,147,95,62,32,37,19,91,94,22,97,30
125,14,129,136,141,120,148,43,69,68,79,38,110,131,75,41,137,2,42,86,50,45,108,56,64,146,54,100,15,104
84,39,128,5,74,99,149,121,58,145,25,122,134,114,7,29,31,87,85,138,47,48,44,107,92,116,46,65,130,8
76,70,61,24,1,60,140,102,115,11,72,23,49,33,89,17,35,101,119,3,51,112,106,139,113,132,96,13,144,20
18,135,63,118,117,52,90,28,73,88,34,9,27,150,81,53,71,78,103,98,66,82,133,67,143,123,40,36,83,57
12,80,77,6,55,127,105,142,111,93,126,109,26,16,4,21,59,10,147,95,62,32,37,19,91,94,22,97,30,124
14,129,136,141,120,148,43,69,68,79,38,110,131,75,41,137,2,42,86,50,45,108,56,64,146,54,100,15,104,125
39,128,5,74,99,149,121,58,145,25,122,134,114,7,29,31,87,85,138,47,48,44,107,92,116,46,65,130,8,84
70,61,24,1,60,140,102,115,11,72,23,49,33,89,17,35,101,119,3,51,112,106,139,113,132,96,13,144,20,76
135,63,118,117,52,90,28,73,88,34,9,27,150,81,53,71,78,103,98,66,82,133,67,143,123,40,36,83,57,18
80,77,6,55,127,105,142,111,93,126,109,26,16,4,21,59,10,147,95,62,32,37,19,91,94,22,97,30,124,12
129,136,141,120,148,43,69,68,79,38,110,131,75,41,137,2,42,86,50,45,108,56,64,146,54,100,15,104,125,14
128,5,74,99,149,121,58,145,25,122,134,114,7,29,31,87,85,138,47,48,44,107,92,116,46,65,130,8,84,39
61,24,1,60,140,102,115,11,72,23,49,33,89,17,35,101,119,3,51,112,106,139,113,132,96,13,144,20,76,70
63,118,117,52,90,28,73,88,34,9,27,150,81,53,71,78,103,98,66,82,133,67,143,123,40,36,83,57,18,135
77,6,55,127,105,142,111,93,126,109,26,16,4,21,59,10,147,95,62,32,37,19,91,94,22,97,30,124,12,80
136,141,120,148,43,69,68,79,38,110,131,75,41,137,2,42,86,50,45,108,56,64,146,54,100,15,104,125,14,129
5,74,99,149,121,58,145,25,122,134,114,7,29,31,87,85,138,47,48,44,107,92,116,46,65,130,8,84,39,128
24,1,60,140,102,115,11,72,23,49,33,89,17,35,101,119,3,51,112,106,139,113,132,96,13,144,20,76,70,61
118,117,52,90,28,73,88,34,9,27,150,81,53,71,78,103,98,66,82,133,67,143,123,40,36,83,57,18,135,63
6,55,127,105,142,111,93,126,109,26,16,4,21,59,10,147,95,62,32,37,19,91,94,22,97,30,124,12,80,77
141,120,148,43,69,68,79,38,110,131,75,41,137,2,42,86,50,45,108,56,64,146,54,100,15,104,125,14,129,136
74,99,149,121,58,145,25,122,134,114,7,29,31,87,85,138,47,48,44,107,92,116,46,65,130,8,84,39,128,5
1,60,140,102,115,11,72,23,49,33,89,17,35,101,119,3,51,112,106,139,113,132,96,13,144,20,76,70,61,24
117,52,90,28,73,88,34,9,27,150,81,53,71,78,103,98,66,82,133,67,143,123,40,36,83,57,18,135,63,118
55,127,105,142,111,93,126,109,26,16,4,21,59,10,147,95,62,32,37,19,91,94,22,97,30,124,12,80,77,6
120,148,43,69,68,79,38,110,131,75,41,137,2,42,86,50,45,108,56,64,146,54,100,15,104,125,14,129,136,141
99,149,121,58,145,25,122,134,114,7,29,31,87,85,138,47,48,44,107,92,116,46,65,130,8,84,39,128,5,74
60,140,102,115,11,72,23,49,33,89,17,35,101,119,3,51,112,106,139,113,132,96,13,144,20,76,70,61,24,1
52,90,28,73,88,34,9,27,150,81,53,71,78,103,98,66,82,133,67,143,123,40,36,83,57,18,135,63,118,117
127,105,142,111,93,126,109,26,16,4,21,59,10,147,95,62,32,37,19,91,94,22,97,30,124,12,80,77,6,55
148,43,69,68,79,38,110,131,75,41,137,2,42,86,50,45,108,56,64,146,54,100,15,104,125,14,129,136,141,120
149,121,58,145,25,122,134,114,7,29,31,87,85,138,47,48,44,107,92,116,46,65,130,8,84,39,128,5,74,99
140,102,115,11,72,23,49,33,89,17,35,101,119,3,51,112,106,139,113,132,96,13,144,20,76,70,61,24,1,60
90,28,73,88,34,9,27,150,81,53,71,78,103,98,66,82,133,67,143,123,40,36,83,57,18,135,63,118,117,52
105,142,111,93,126,109,26,16,4,21,59,10,147,95,62,32,37,19,91,94,22,97,30,124,12,80,77,6,55,127
43,69,68,79,38,110,131,75,41,137,2,42,86,50,45,108,56,64,146,54,100,15,104,125,14,129,136,141,120,148
121,58,145,25,122,134,114,7,29,31,87,85,138,47,48,44,107,92,116,46,65,130,8,84,39,128,5,74,99,149
102,115,11,72,23,49,33,89,17,35,101,119,3,51,112,106,139,113,132,96,13,144,20,76,70,61,24,1,60,140
28,73,88,34,9,27,150,81,53,71,78,103,98,66,82,133,67,143,123,40,36,83,57,18,135,63,118,117,52,90
142,111,93,126,109,26,16,4,21,59,10,147,95,62,32,37,19,91,94,22,97,30,124,12,80,77,6,55,127,105
69,68,79,38,110,131,75,41,137,2,42,86,50,45,108,56,64,146,54,100,15,104,125,14,129,136,141,120,148,43
58,145,25,122,134,114,7,29,31,87,85,138,47,48,44,107,92,116,46,65,130,8,84,39,128,5,74,99,149,121
115,11,72,23,49,33,89,17,35,101,119,3,51,112,106,139,113,132,96,13,144,20,76,70,61,24,1,60,140,102
73,88,34,9,27,150,81,53,71,78,103,98,66,82,133,67,143,123,40,36,83,57,18,135,63,118,117,52,90,28
111,93,126,109,26,16,4,21,59,10,147,95,62,32,37,19,91,94,22,97,30,124,12,80,77,6,55,127,105,142
68,79,38,110,131,75,41,137,2,42,86,50,45,108,56,64,146,54,100,15,104,125,14,129,136,141,120,148,43,69
145,25,122,134,114,7,29,31,87,85,138,47,48,44,107,92,116,46,65,130,8,84,39,128,5,74,99,149,121,58
11,72,23,49,33,89,17,35,101,119,3,51,112,106,139,113,132,96,13,144,20,76,70,61,24,1,60,140,102,115
88,34,9,27,150,81,53,71,78,103,98,66,82,133,67,143,123,40,36,83,57,18,135,63,118,117,52,90,28,73
93,126,109,26,16,4,21,59,10,147,95,62,32,37,19,91,94,22,97,30,124,12,80,77,6,55,127,105,142,111
79,38,110,131,75,41,137,2,42,86,50,45,108,56,64,146,54,100,15,104,125,14,129,136,141,120,148,43,69,68
25,122,134,114,7,29,31,87,85,138,47,48,44,107,92,116,46,65,130,8,84,39,128,5,74,99,149,121,58,145
72,23,49,33,89,17,35,101,119,3,51,112,106,139,113,132,96,13,144,20,76,70,61,24,1,60,140,102,115,11
34,9,27,150,81,53,71,78,103,98,66,82,133,67,143,123,40,36,83,57,18,135,63,118,117,52,90,28,73,88
126,109,26,16,4,21,59,10,147,95,62,32,37,19,91,94,22,97,30,124,12,80,77,6,55,127,105,142,111,93
38,110,131,75,41,137,2,42,86,50,45,108,56,64,146,54,100,15,104,125,14,129,136,141,120,148,43,69,68,79
122,134,114,7,29,31,87,85,138,47,48,44,107,92,116,46,65,130,8,84,39,128,5,74,99,149,121,58,145,25
23,49,33,89,17,35,101,119,3,51,112,106,139,113,132,96,13,144,20,76,70,61,24,1,60,140,102,115,11,72
9,27,150,81,53,71,78,103,98,66,82,133,67,143,123,40,36,83,57,18,135,63,118,117,52,90,28,73,88,34
109,26,16,4,21,59,10,147,95,62,32,37,19,91,94,22,97,30,124,12,80,77,6,55,127,105,142,111,93,126
110,131,75,41,137,2,42,86,50,45,108,56,64,146,54,100,15,104,125,14,129,136,141,120,148,43,69,68,79,38
134,114,7,29,31,87,85,138,47,48,44,107,92,116,46,65,130,8,84,39,128,5,74,99,149,121,58,145,25,122
49,33,89,17,35,101,119,3,51,112,106,139,113,132,96,13,144,20,76,70,61,24,1,60,140,102,115,11,72,23
27,150,81,53,71,78,103,98,66,82,133,67,143,123,40,36,83,57,18,135,63,118,117,52,90,28,73,88,34,9
26,16,4,21,59,10,147,95,62,32,37,19,91,94,22,97,30,124,12,80,77,6,55,127,105,142,111,93,126,109
131,75,41,137,2,42,86,50,45,108,56,64,146,54,100,15,104,125,14,129,136,141,120,148,43,69,68,79,38,110
114,7,29,31,87,85,138,47,48,44,107,92,116,46,65,130,8,84,39,128,5,74,99,149,121,58,145,25,122,134
33,89,17,35,101,119,3,51,112,106,139,113,132,96,13,144,20,76,70,61,24,1,60,140,102,115,11,72,23,49
150,81,53,71,78,103,98,66,82,133,67,143,123,40,36,83,57,18,135,63,118,117,52,90,28,73,88,34,9,27
16,4,21,59,10,147,95,62,32,37,19,91,94,22,97,30,124,12,80,77,6,55,127,105,142,111,93,126,109,26
75,41,137,2,42,86,50,45,108,56,64,146,54,100,15,104,125,14,129,136,141,120,148,43,69,68,79,38,110,131
7,29,31,87,85,138,47,48,44,107,92,116,46,65,130,8,84,39,128,5,74,99,149,121,58,145,25,122,134,114
89,17,35,101,119,3,51,112,106,139,113,132,96,13,144,20,76,70,61,24,1,60,140,102,115,11,72,23,49,33
81,53,71,78,103,98,66,82,133,67,143,123,40,36,83,57,18,135,63,118,117,52,90,28,73,88,34,9,27,150
4,21,59,10,147,95,62,32,37,19,91,94,22,97,30,124,12,80,77,6,55,127,105,142,111,93,126,109,26,16
41,137,2,42,86,50,45,108,56,64,146,54,100,15,104,125,14,129,136,141,120,148,43,69,68,79,38,110,131,75
29,31,87,85,138,47,48,44,107,92,116,46,65,130,8,84,39,128,5,74,99,149,121,58,145,25,122,134,114,7
17,35,101,119,3,51,112,106,139,113,132,96,13,144,20,76,70,61,24,1,60,140,102,115,11,72,23,49,33,89
53,71,78,103,98,66,82,133,67,143,123,40,36,83,57,18,135,63,118,117,52,90,28,73,88,34,9,27,150,81
21,59,10,147,95,62,32,37,19,91,94,22,97,30,124,12,80,77,6,55,127,105,142,111,93,126,109,26,16,4
137,2,42,86,50,45,108,56,64,146,54,100,15,104,125,14,129,136,141,120,148,43,69,68,79,38,110,131,75,41
31,87,85,138,47,48,44,107,92,116,46,65,130,8,84,39,128,5,74,99,149,121,58,145,25,122,134,114,7,29
35,101,119,3,51,112,106,139,113,132,96,13,144,20,76,70,61,24,1,60,140,102,115,11,72,23,49,33,89,17
71,78,103,98,66,82,133,67,143,123,40,36,83,57,18,135,63,118,117,52,90,28,73,88,34,9,27,150,81,53
59,10,147,95,62,32,37,19,91,94,22,97,30,124,12,80,77,6,55,127,105,142,111,93,126,109,26,16,4,21
2,42,86,50,45,108,56,64,146,54,100,15,104,125,14,129,136,141,120,148,43,69,68,79,38,110,131,75,41,137
87,85,138,47,48,44,107,92,116,46,65,130,8,84,39,128,5,74,99,149,121,58,145,25,122,134,114,7,29,31
101,119,3,51,112,106,139,113,132,96,13,144,20,76,70,61,24,1,60,140,102,115,11,72,23,49,33,89,17,35
78,103,98,66,82,133,67,143,123,40,36,83,57,18,135,63,118,117,52,90,28,73,88,34,9,27,150,81,53,71
10,147,95,62,32,37,19,91,94,22,97,30,124,12,80,77,6,55,127,105,142,111,93,126,109,26,16,4,21,59
