50,98,3,1,10,49,14,65,28,144,123,69,56,129,17,95,139,135,86,114,147,101,67,78,19,66,23,126,128,133,134,2,37,40,27,107,21,120,130,99,83,105,43,70,140,58,106,136,74,55,34,72,85,117,45,118,131,12,88,9,81,57,122,80,25,108,33,119,29,94,20,53,75,54,46,96,22,73,93,124,132,11,115,77,51,146,61,68,137,102,8,89,42,91,63,148,41,109,7,143,18,100,92,97,76,16,62,145,71,121,64,104,141,110,90,4,138,125,47,13,84,38,103,116,5,79,30,112,150,26,48,44,31,52,59,24,39,127,87,111,149,15,113,32,142,6,35,36,82,60
98,3,1,10,49,14,65,28,144,123,69,56,129,17,95,139,135,86,114,147,101,67,78,19,66,23,126,128,133,134,2,37,40,27,107,21,120,130,99,83,105,43,70,140,58,106,136,74,55,34,72,85,117,45,118,131,12,88,9,81,57,122,80,25,108,33,119,29,94,20,53,75,54,46,96,22,73,93,124,132,11,115,77,51,146,61,68,137,102,8,89,42,91,63,148,41,109,7,143,18,100,92,97,76,16,62,145,71,121,64,104,141,110,90,4,138,125,47,13,84,38,103,116,5,79,30,112,150,26,48,44,31,52,59,24,39,127,87,111,149,15,113,32,142,6,35,36,82,60,50
3,1,10,49,14,65,28,144,123,69,56,129,17,95,139,135,86,114,147,101,67,78,19,66,23,126,128,133,134,2,37,40,27,107,21,120,130,99,83,105,43,70,140,58,106,136,74,55,34,72,85,117,45,118,131,12,88,9,81,57,122,80,25,108,33,119,29,94,20,53,75,54,46,96,22,73,93,124,132,11,115,77,51,146,61,68,137,102,8,89,42,91,63,148,41,109,7,143,18,100,92,97,76,16,62,145,71,121,64,104,141,110,90,4,138,125,47,13,84,38,103,116,5,79,30,112,150,26,48,44,31,52,59,24,39,127,87,111,149,15,113,32,142,6,35,36,82,60,50,98
1,10,49,14,65,28,144,123,69,56,129,17,95,139,135,86,114,147,101,67,78,19,66,23,126,128,133,134,2,37,40,27,107,21,120,130,99,83,105,43,70,140,58,106,136,74,55,34,72,85,117,45,118,131,12,88,9,81,57,122,80,25,108,33,119,29,94,20,53,75,54,46,96,22,73,93,124,132,11,115,77,51,146,61,68,137,102,8,89,42,91,63,148,41,109,7,143,18,100,92,97,76,16,62,145,71,121,64,104,141,110,90,4,138,125,47,13,84,38,103,116,5,79,30,112,150,26,48,44,31,52,59,24,39,127,87,111,149,15,113,32,142,6,35,36,82,60,50,98,3
10,49,14,65,28,144,123,69,56,129,17,95,139,135,86,114,147,101,67,78,19,66,23,126,128,133,134,2,37,40,27,107,21,120,130,99,83,105,43,70,140,58,106,136,74,55,34,72,85,117,45,118,131,12,88,9,81,57,122,80,25,108,33,119,29,94,20,53,75,54,46,96,22,73,93,124,132,11,115,77,51,146,61,68,137,102,8,89,42,91,63,148,41,109,7,143,18,100,92,97,76,16,62,145,71,121,64,104,141,110,90,4,138,125,47,13,84,38,103,116,5,79,30,112,150,26,48,44,31,52,59,24,39,127,87,111,149,15,113,32,142,6,35,36,82,60,50,98,3,1
49,14,65,28,144,123,69,56,129,17,95,139,135,86,114,147,101,67,78,19,66,23,126,128,133,134,2,37,40,27,107,21,120,130,99,83,105,43,70,140,58,106,136,74,55,34,72,85,117,45,118,131,12,88,9,81,57,122,80,25,108,33,119,29,94,20,53,75,54,46,96,22,73,93,124,132,11,115,77,51,146,61,68,137,102,8,89,42,91,63,148,41,109,7,143,18,100,92,97,76,16,62,145,71,121,64,104,141,110,90,4,138,125,47,13,84,38,103,116,5,79,30,112,150,26,48,44,31,52,59,24,39,127,87,111,149,15,113,32,142,6,35,36,82,60,50,98,3,1,10
14,65,28,144,123,69,56,129,17,95,139,135,86,114,147,101,67,78,19,66,23,126,128,133,134,2,37,40,27,107,21,120,130,99,83,105,43,70,140,58,106,136,74,55,34,72,85,117,45,118,131,12,88,9,81,57,122,80,25,108,33,119,29,94,20,53,75,54,46,96,22,73,93,124,132,11,115,77,51,146,61,68,137,102,8,89,42,91,63,148,41,109,7,143,18,100,92,97,76,16,62,145,71,121,64,104,141,110,90,4,138,125,47,13,84,38,103,116,5,79,30,112,150,26,48,44,31,52,59,24,39,127,87,111,149,15,113,32,142,6,35,36,82,60,50,98,3,1,10,49
65,28,144,123,69,56,129,17,95,139,135,86,114,147,101,67,78,19,66,23,126,128,133,134,2,37,40,27,107,21,120,130,99,83,105,43,70,140,58,106,136,74,55,34,72,85,117,45,118,131,12,88,9,81,57,122,80,25,108,33,119,29,94,20,53,75,54,46,96,22,73,93,124,132,11,115,77,51,146,61,68,137,102,8,89,42,91,63,148,41,109,7,143,18,100,92,97,76,16,62,145,71,121,64,104,141,110,90,4,138,125,47,13,84,38,103,116,5,79,30,112,150,26,48,44,31,52,59,24,39,127,87,111,149,15,113,32,142,6,35,36,82,60,50,98,3,1,10,49,14
28,144,123,69,56,129,17,95,139,135,86,114,147,101,67,78,19,66,23,126,128,133,134,2,37,40,27,107,21,120,130,99,83,105,43,70,140,58,106,136,74,55,34,72,85,117,45,118,131,12,88,9,81,57,122,80,25,108,33,119,29,94,20,53,75,54,46,96,22,73,93,124,132,11,115,77,51,146,61,68,137,102,8,89,42,91,63,148,41,109,7,143,18,100,92,97,76,16,62,145,71,121,64,104,141,110,90,4,138,125,47,13,84,38,103,116,5,79,30,112,150,26,48,44,31,52,59,24,39,127,87,111,149,15,113,32,142,6,35,36,82,60,50,98,3,1,10,49,14,65
144,123,69,56,129,17,95,139,135,86,114,147,101,67,78,19,66,23,126,128,133,134,2,37,40,27,107,21,120,130,99,83,105,43,70,140,58,106,136,74,55,34,72,85,117,45,118,131,12,88,9,81,57,122,80,25,108,33,119,29,94,20,53,75,54,46,96,22,73,93,124,132,11,115,77,51,146,61,68,137,102,8,89,42,91,63,148,41,109,7,143,18,100,92,97,76,16,62,145,71,121,64,104,141,110,90,4,138,125,47,13,84,38,103,116,5,79,30,112,150,26,48,44,31,52,59,24,39,127,87,111,149,15,113,32,142,6,35,36,82,60,50,98,3,1,10,49,14,65,28
123,69,56,129,17,95,139,135,86,114,147,101,67,78,19,66,23,126,128,133,134,2,37,40,27,107,21,120,130,99,83,105,43,70,140,58,106,136,74,55,34,72,85,117,45,118,131,12,88,9,81,57,122,80,25,108,33,119,29,94,20,53,75,54,46,96,22,73,93,124,132,11,115,77,51,146,61,68,137,102,8,89,42,91,63,148,41,109,7,143,18,100,92,97,76,16,62,145,71,121,64,104,141,110,90,4,138,125,47,13,84,38,103,116,5,79,30,112,150,26,48,44,31,52,59,24,39,127,87,111,149,15,113,32,142,6,35,36,82,60,50,98,3,1,10,49,14,65,28,144
69,56,129,17,95,139,135,86,114,147,101,67,78,19,66,23,126,128,133,134,2,37,40,27,107,21,120,130,99,83,105,43,70,140,58,106,136,74,55,34,72,85,117,45,118,131,12,88,9,81,57,122,80,25,108,33,119,29,94,20,53,75,54,46,96,22,73,93,124,132,11,115,77,51,146,61,68,137,102,8,89,42,91,63,148,41,109,7,143,18,100,92,97,76,16,62,145,71,121,64,104,141,110,90,4,138,125,47,13,84,38,103,116,5,79,30,112,150,26,48,44,31,52,59,24,39,127,87,111,149,15,113,32,142,6,35,36,82,60,50,98,3,1,10,49,14,65,28,144,123
56,129,17,95,139,135,86,114,147,101,67,78,19,66,23,126,128,133,134,2,37,40,27,107,21,120,130,99,83,105,43,70,140,58,106,136,74,55,34,72,85,117,45,118,131,12,88,9,81,57,122,80,25,108,33,119,29,94,20,53,75,54,46,96,22,73,93,124,132,11,115,77,51,146,61,68,137,102,8,89,42,91,63,148,41,109,7,143,18,100,92,97,76,16,62,145,71,121,64,104,141,110,90,4,138,125,47,13,84,38,103,116,5,79,30,112,150,26,48,44,31,52,59,24,39,127,87,111,149,15,113,32,142,6,35,36,82,60,50,98,3,1,10,49,14,65,28,144,123,69
129,17,95,139,135,86,114,147,101,67,78,19,66,23,126,128,133,134,2,37,40,27,107,21,120,130,99,83,105,43,70,140,58,106,136,74,55,34,72,85,117,45,118,131,12,88,9,81,57,122,80,25,108,33,119,29,94,20,53,75,54,46,96,22,73,93,124,132,11,115,77,51,146,61,68,137,102,8,89,42,91,63,148,41,109,7,143,18,100,92,97,76,16,62,145,71,121,64,104,141,110,90,4,138,125,47,13,84,38,103,116,5,79,30,112,150,26,48,44,31,52,59,24,39,127,87,111,149,15,113,32,142,6,35,36,82,60,50,98,3,1,10,49,14,65,28,144,123,69,56
17,95,139,135,86,114,147,101,67,78,19,66,23,126,128,133,134,2,37,40,27,107,21,120,130,99,83,105,43,70,140,58,106,136,74,55,34,72,85,117,45,118,131,12,88,9,81,57,122,80,25,108,33,119,29,94,20,53,75,54,46,96,22,73,93,124,132,11,115,77,51,146,61,68,137,102,8,89,42,91,63,148,41,109,7,143,18,100,92,97,76,16,62,145,71,121,64,104,141,110,90,4,138,125,47,13,84,38,103,116,5,79,30,112,150,26,48,44,31,52,59,24,39,127,87,111,149,15,113,32,142,6,35,36,82,60,50,98,3,1,10,49,14,65,28,144,123,69,56,129
95,139,135,86,114,147,101,67,78,19,66,23,126,128,133,134,2,37,40,27,107,21,120,130,99,83,105,43,70,140,58,106,136,74,55,34,72,85,117,45,118,131,12,88,9,81,57,122,80,25,108,33,119,29,94,20,53,75,54,46,96,22,73,93,124,132,11,115,77,51,146,61,68,137,102,8,89,42,91,63,148,41,109,7,143,18,100,92,97,76,16,62,145,71,121,64,104,141,110,90,4,138,125,47,13,84,38,103,116,5,79,30,112,150,26,48,44,31,52,59,24,39,127,87,111,149,15,113,32,142,6,35,36,82,60,50,98,3,1,10,49,14,65,28,144,123,69,56,129,17
139,135,86,114,147,101,67,78,19,66,23,126,128,133,134,2,37,40,27,107,21,120,130,99,83,105,43,70,140,58,106,136,74,55,34,72,85,117,45,118,131,12,88,9,81,57,122,80,25,108,33,119,29,94,20,53,75,54,46,96,22,73,93,124,132,11,115,77,51,146,61,68,137,102,8,89,42,91,63,148,41,109,7,143,18,100,92,97,76,16,62,145,71,121,64,104,141,110,90,4,138,125,47,13,84,38,103,116,5,79,30,112,150,26,48,44,31,52,59,24,39,127,87,111,149,15,113,32,142,6,35,36,82,60,50,98,3,1,10,49,14,65,28,144,123,69,56,129,17,95
135,86,114,147,101,67,78,19,66,23,126,128,133,134,2,37,40,27,107,21,120,130,99,83,105,43,70,140,58,106,136,74,55,34,72,85,117,45,118,131,12,88,9,81,57,122,80,25,108,33,119,29,94,20,53,75,54,46,96,22,73,93,124,132,11,115,77,51,146,61,68,137,102,8,89,42,91,63,148,41,109,7,143,18,100,92,97,76,16,62,145,71,121,64,104,141,110,90,4,138,125,47,13,84,38,103,116,5,79,30,112,150,26,48,44,31,52,59,24,39,127,87,111,149,15,113,32,142,6,35,36,82,60,50,98,3,1,10,49,14,65,28,144,123,69,56,129,17,95,139
86,114,147,101,67,78,19,66,23,126,128,133,134,2,37,40,27,107,21,120,130,99,83,105,43,70,140,58,106,136,74,55,34,72,85,117,45,118,131,12,88,9,81,57,122,80,25,108,33,119,29,94,20,53,75,54,46,96,22,73,93,124,132,11,115,77,51,146,61,68,137,102,8,89,42,91,63,148,41,109,7,143,18,100,92,97,76,16,62,145,71,121,64,104,141,110,90,4,138,125,47,13,84,38,103,116,5,79,30,112,150,26,48,44,31,52,59,24,39,127,87,111,149,15,113,32,142,6,35,36,82,60,50,98,3,1,10,49,14,65,28,144,123,69,56,129,17,95,139,135
114,147,101,67,78,19,66,23,126,128,133,134,2,37,40,27,107,21,120,130,99,83,105,43,70,140,58,106,136,74,55,34,72,85,117,45,118,131,12,88,9,81,57,122,80,25,108,33,119,29,94,20,53,75,54,46,96,22,73,93,124,132,11,115,77,51,146,61,68,137,102,8,89,42,91,63,148,41,109,7,143,18,100,92,97,76,16,62,145,71,121,64,104,141,110,90,4,138,125,47,13,84,38,103,116,5,79,30,112,150,26,48,44,31,52,59,24,39,127,87,111,149,15,113,32,142,6,35,36,82,60,50,98,3,1,10,49,14,65,28,144,123,69,56,129,17,95,139,135,86
147,101,67,78,19,66,23,126,128,133,134,2,37,40,27,107,21,120,130,99,83,105,43,70,140,58,106,136,74,55,34,72,85,117,45,118,131,12,88,9,81,57,122,80,25,108,33,119,29,94,20,53,75,54,46,96,22,73,93,124,132,11,115,77,51,146,61,68,137,102,8,89,42,91,63,148,41,109,7,143,18,100,92,97,76,16,62,145,71,121,64,104,141,110,90,4,138,125,47,13,84,38,103,116,5,79,30,112,150,26,48,44,31,52,59,24,39,127,87,111,149,15,113,32,142,6,35,36,82,60,50,98,3,1,10,49,14,65,28,144,123,69,56,129,17,95,139,135,86,114
101,67,78,19,66,23,126,128,133,134,2,37,40,27,107,21,120,130,99,83,105,43,70,140,58,106,136,74,55,34,72,85,117,45,118,131,12,88,9,81,57,122,80,25,108,33,119,29,94,20,53,75,54,46,96,22,73,93,124,132,11,115,77,51,146,61,68,137,102,8,89,42,91,63,148,41,109,7,143,18,100,92,97,76,16,62,145,71,121,64,104,141,110,90,4,138,125,47,13,84,38,103,116,5,79,30,112,150,26,48,44,31,52,59,24,39,127,87,111,149,15,113,32,142,6,35,36,82,60,50,98,3,1,10,49,14,65,28,144,123,69,56,129,17,95,139,135,86,114,147
67,78,19,66,23,126,128,133,134,2,37,40,27,107,21,120,130,99,83,105,43,70,140,58,106,136,74,55,34,72,85,117,45,118,131,12,88,9,81,57,122,80,25,108,33,119,29,94,20,53,75,54,46,96,22,73,93,124,132,11,115,77,51,146,61,68,137,102,8,89,42,91,63,148,41,109,7,143,18,100,92,97,76,16,62,145,71,121,64,104,141,110,90,4,138,125,47,13,84,38,103,116,5,79,30,112,150,26,48,44,31,52,59,24,39,127,87,111,149,15,113,32,142,6,35,36,82,60,50,98,3,1,10,49,14,65,28,144,123,69,56,129,17,95,139,135,86,114,147,101
78,19,66,23,126,128,133,134,2,37,40,27,107,21,120,130,99,83,105,43,70,140,58,106,136,74,55,34,72,85,117,45,118,131,12,88,9,81,57,122,80,25,108,33,119,29,94,20,53,75,54,46,96,22,73,93,124,132,11,115,77,51,146,61,68,137,102,8,89,42,91,63,148,41,109,7,143,18,100,92,97,76,16,62,145,71,121,64,104,141,110,90,4,138,125,47,13,84,38,103,116,5,79,30,112,150,26,48,44,31,52,59,24,39,127,87,111,149,15,113,32,142,6,35,36,82,60,50,98,3,1,10,49,14,65,28,144,123,69,56,129,17,95,139,135,86,114,147,101,67
19,66,23,126,128,133,134,2,37,40,27,107,21,120,130,99,83,105,43,70,140,58,106,136,74,55,34,72,85,117,45,118,131,12,88,9,81,57,122,80,25,108,33,119,29,94,20,53,75,54,46,96,22,73,93,124,132,11,115,77,51,146,61,68,137,102,8,89,42,91,63,148,41,109,7,143,18,100,92,97,76,16,62,145,71,121,64,104,141,110,90,4,138,125,47,13,84,38,103,116,5,79,30,112,150,26,48,44,31,52,59,24,39,127,87,111,149,15,113,32,142,6,35,36,82,60,50,98,3,1,10,49,14,65,28,144,123,69,56,129,17,95,139,135,86,114,147,101,67,78
66,23,126,128,133,134,2,37,40,27,107,21,120,130,99,83,105,43,70,140,58,106,136,74,55,34,72,85,117,45,118,131,12,88,9,81,57,122,80,25,108,33,119,29,94,20,53,75,54,46,96,22,73,93,124,132,11,115,77,51,146,61,68,137,102,8,89,42,91,63,148,41,109,7,143,18,100,92,97,76,16,62,145,71,121,64,104,141,110,90,4,138,125,47,13,84,38,103,116,5,79,30,112,150,26,48,44,31,52,59,24,39,127,87,111,149,15,113,32,142,6,35,36,82,60,50,98,3,1,10,49,14,65,28,144,123,69,56,129,17,95,139,135,86,114,147,101,67,78,19
23,126,128,133,134,2,37,40,27,107,21,120,130,99,83,105,43,70,140,58,106,136,74,55,34,72,85,117,45,118,131,12,88,9,81,57,122,80,25,108,33,119,29,94,20,53,75,54,46,96,22,73,93,124,132,11,115,77,51,146,61,68,137,102,8,89,42,91,63,148,41,109,7,143,18,100,92,97,76,16,62,145,71,121,64,104,141,110,90,4,138,125,47,13,84,38,103,116,5,79,30,112,150,26,48,44,31,52,59,24,39,127,87,111,149,15,113,32,142,6,35,36,82,60,50,98,3,1,10,49,14,65,28,144,123,69,56,129,17,95,139,135,86,114,147,101,67,78,19,66
126,128,133,134,2,37,40,27,107,21,120,130,99,83,105,43,70,140,58,106,136,74,55,34,72,85,117,45,118,131,12,88,9,81,57,122,80,25,108,33,119,29,94,20,53,75,54,46,96,22,73,93,124,132,11,115,77,51,146,61,68,137,102,8,89,42,91,63,148,41,109,7,143,18,100,92,97,76,16,62,145,71,121,64,104,141,110,90,4,138,125,47,13,84,38,103,116,5,79,30,112,150,26,48,44,31,52,59,24,39,127,87,111,149,15,113,32,142,6,35,36,82,60,50,98,3,1,10,49,14,65,28,144,123,69,56,129,17,95,139,135,86,114,147,101,67,78,19,66,23
128,133,134,2,37,40,27,107,21,120,130,99,83,105,43,70,140,58,106,136,74,55,34,72,85,117,45,118,131,12,88,9,81,57,122,80,25,108,33,119,29,94,20,53,75,54,46,96,22,73,93,124,132,11,115,77,51,146,61,68,137,102,8,89,42,91,63,148,41,109,7,143,18,100,92,97,76,16,62,145,71,121,64,104,141,110,90,4,138,125,47,13,84,38,103,116,5,79,30,112,150,26,48,44,31,52,59,24,39,127,87,111,149,15,113,32,142,6,35,36,82,60,50,98,3,1,10,49,14,65,28,144,123,69,56,129,17,95,139,135,86,114,147,101,67,78,19,66,23,126
133,134,2,37,40,27,107,21,120,130,99,83,105,43,70,140,58,106,136,74,55,34,72,85,117,45,118,131,12,88,9,81,57,122,80,25,108,33,119,29,94,20,53,75,54,46,96,22,73,93,124,132,11,115,77,51,146,61,68,137,102,8,89,42,91,63,148,41,109,7,143,18,100,92,97,76,16,62,145,71,121,64,104,141,110,90,4,138,125,47,13,84,38,103,116,5,79,30,112,150,26,48,44,31,52,59,24,39,127,87,111,149,15,113,32,142,6,35,36,82,60,50,98,3,1,10,49,14,65,28,144,123,69,56,129,17,95,139,135,86,114,147,101,67,78,19,66,23,126,128
134,2,37,40,27,107,21,120,130,99,83,105,43,70,140,58,106,136,74,55,34,72,85,117,45,118,131,12,88,9,81,57,122,80,25,108,33,119,29,94,20,53,75,54,46,96,22,73,93,124,132,11,115,77,51,146,61,68,137,102,8,89,42,91,63,148,41,109,7,143,18,100,92,97,76,16,62,145,71,121,64,104,141,110,90,4,138,125,47,13,84,38,103,116,5,79,30,112,150,26,48,44,31,52,59,24,39,127,87,111,149,15,113,32,142,6,35,36,82,60,50,98,3,1,10,49,14,65,28,144,123,69,56,129,17,95,139,135,86,114,147,101,67,78,19,66,23,126,128,133
2,37,40,27,107,21,120,130,99,83,105,43,70,140,58,106,136,74,55,34,72,85,117,45,118,131,12,88,9,81,57,122,80,25,108,33,119,29,94,20,53,75,54,46,96,22,73,93,124,132,11,115,77,51,146,61,68,137,102,8,89,42,91,63,148,41,109,7,143,18,100,92,97,76,16,62,145,71,121,64,104,141,110,90,4,138,125,47,13,84,38,103,116,5,79,30,112,150,26,48,44,31,52,59,24,39,127,87,111,149,15,113,32,142,6,35,36,82,60,50,98,3,1,10,49,14,65,28,144,123,69,56,129,17,95,139,135,86,114,147,101,67,78,19,66,23,126,128,133,134
37,40,27,107,21,120,130,99,83,105,43,70,140,58,106,136,74,55,34,72,85,117,45,118,131,12,88,9,81,57,122,80,25,108,33,119,29,94,20,53,75,54,46,96,22,73,93,124,132,11,115,77,51,146,61,68,137,102,8,89,42,91,63,148,41,109,7,143,18,100,92,97,76,16,62,145,71,121,64,104,141,110,90,4,138,125,47,13,84,38,103,116,5,79,30,112,150,26,48,44,31,52,59,24,39,127,87,111,149,15,113,32,142,6,35,36,82,60,50,98,3,1,10,49,14,65,28,144,123,69,56,129,17,95,139,135,86,114,147,101,67,78,19,66,23,126,128,133,134,2
40,27,107,21,120,130,99,83,105,43,70,140,58,106,136,74,55,34,72,85,117,45,118,131,12,88,9,81,57,122,80,25,108,33,119,29,94,20,53,75,54,46,96,22,73,93,124,132,11,115,77,51,146,61,68,137,102,8,89,42,91,63,148,41,109,7,143,18,100,92,97,76,16,62,145,71,121,64,104,141,110,90,4,138,125,47,13,84,38,103,116,5,79,30,112,150,26,48,44,31,52,59,24,39,127,87,111,149,15,113,32,142,6,35,36,82,60,50,98,3,1,10,49,14,65,28,144,123,69,56,129,17,95,139,135,86,114,147,101,67,78,19,66,23,126,128,133,134,2,37
27,107,21,120,130,99,83,105,43,70,140,58,106,136,74,55,34,72,85,117,45,118,131,12,88,9,81,57,122,80,25,108,33,119,29,94,20,53,75,54,46,96,22,73,93,124,132,11,115,77,51,146,61,68,137,102,8,89,42,91,63,148,41,109,7,143,18,100,92,97,76,16,62,145,71,121,64,104,141,110,90,4,138,125,47,13,84,38,103,116,5,79,30,112,150,26,48,44,31,52,59,24,39,127,87,111,149,15,113,32,142,6,35,36,82,60,50,98,3,1,10,49,14,65,28,144,123,69,56,129,17,95,139,135,86,114,147,101,67,78,19,66,23,126,128,133,134,2,37,40
107,21,120,130,99,83,105,43,70,140,58,106,136,74,55,34,72,85,117,45,118,131,12,88,9,81,57,122,80,25,108,33,119,29,94,20,53,75,54,46,96,22,73,93,124,132,11,115,77,51,146,61,68,137,102,8,89,42,91,63,148,41,109,7,143,18,100,92,97,76,16,62,145,71,121,64,104,141,110,90,4,138,125,47,13,84,38,103,116,5,79,30,112,150,26,48,44,31,52,59,24,39,127,87,111,149,15,113,32,142,6,35,36,82,60,50,98,3,1,10,49,14,65,28,144,123,69,56,129,17,95,139,135,86,114,147,101,67,78,19,66,23,126,128,133,134,2,37,40,27
21,120,130,99,83,105,43,70,140,58,106,136,74,55,34,72,85,117,45,118,131,12,88,9,81,57,122,80,25,108,33,119,29,94,20,53,75,54,46,96,22,73,93,124,132,11,115,77,51,146,61,68,137,102,8,89,42,91,63,148,41,109,7,143,18,100,92,97,76,16,62,145,71,121,64,104,141,110,90,4,138,125,47,13,84,38,103,116,5,79,30,112,150,26,48,44,31,52,59,24,39,127,87,111,149,15,113,32,142,6,35,36,82,60,50,98,3,1,10,49,14,65,28,144,123,69,56,129,17,95,139,135,86,114,147,101,67,78,19,66,23,126,128,133,134,2,37,40,27,107
120,130,99,83,105,43,70,140,58,106,136,74,55,34,72,85,117,45,118,131,12,88,9,81,57,122,80,25,108,33,119,29,94,20,53,75,54,46,96,22,73,93,124,132,11,115,77,51,146,61,68,137,102,8,89,42,91,63,148,41,109,7,143,18,100,92,97,76,16,62,145,71,121,64,104,141,110,90,4,138,125,47,13,84,38,103,116,5,79,30,112,150,26,48,44,31,52,59,24,39,127,87,111,149,15,113,32,142,6,35,36,82,60,50,98,3,1,10,49,14,65,28,144,123,69,56,129,17,95,139,135,86,114,147,101,67,78,19,66,23,126,128,133,134,2,37,40,27,107,21
130,99,83,105,43,70,140,58,106,136,74,55,34,72,85,117,45,118,131,12,88,9,81,57,122,80,25,108,33,119,29,94,20,53,75,54,46,96,22,73,93,124,132,11,115,77,51,146,61,68,137,102,8,89,42,91,63,148,41,109,7,143,18,100,92,97,76,16,62,145,71,121,64,104,141,110,90,4,138,125,47,13,84,38,103,116,5,79,30,112,150,26,48,44,31,52,59,24,39,127,87,111,149,15,113,32,142,6,35,36,82,60,50,98,3,1,10,49,14,65,28,144,123,69,56,129,17,95,139,135,86,114,147,101,67,78,19,66,23,126,128,133,134,2,37,40,27,107,21,120
99,83,105,43,70,140,58,106,136,74,55,34,72,85,117,45,118,131,12,88,9,81,57,122,80,25,108,33,119,29,94,20,53,75,54,46,96,22,73,93,124,132,11,115,77,51,146,61,68,137,102,8,89,42,91,63,148,41,109,7,143,18,100,92,97,76,16,62,145,71,121,64,104,141,110,90,4,138,125,47,13,84,38,103,116,5,79,30,112,150,26,48,44,31,52,59,24,39,127,87,111,149,15,113,32,142,6,35,36,82,60,50,98,3,1,10,49,14,65,28,144,123,69,56,129,17,95,139,135,86,114,147,101,67,78,19,66,23,126,128,133,134,2,37,40,27,107,21,120,130
83,105,43,70,140,58,106,136,74,55,34,72,85,117,45,118,131,12,88,9,81,57,122,80,25,108,33,119,29,94,20,53,75,54,46,96,22,73,93,124,132,11,115,77,51,146,61,68,137,102,8,89,42,91,63,148,41,109,7,143,18,100,92,97,76,16,62,145,71,121,64,104,141,110,90,4,138,125,47,13,84,38,103,116,5,79,30,112,150,26,48,44,31,52,59,24,39,127,87,111,149,15,113,32,142,6,35,36,82,60,50,98,3,1,10,49,14,65,28,144,123,69,56,129,17,95,139,135,86,114,147,101,67,78,19,66,23,126,128,133,134,2,37,40,27,107,21,120,130,99
105,43,70,140,58,106,136,74,55,34,72,85,117,45,118,131,12,88,9,81,57,122,80,25,108,33,119,29,94,20,53,75,54,46,96,22,73,93,124,132,11,115,77,51,146,61,68,137,102,8,89,42,91,63,148,41,109,7,143,18,100,92,97,76,16,62,145,71,121,64,104,141,110,90,4,138,125,47,13,84,38,103,116,5,79,30,112,150,26,48,44,31,52,59,24,39,127,87,111,149,15,113,32,142,6,35,36,82,60,50,98,3,1,10,49,14,65,28,144,123,69,56,129,17,95,139,135,86,114,147,101,67,78,19,66,23,126,128,133,134,2,37,40,27,107,21,120,130,99,83
43,70,140,58,106,136,74,55,34,72,85,117,45,118,131,12,88,9,81,57,122,80,25,108,33,119,29,94,20,53,75,54,46,96,22,73,93,124,132,11,115,77,51,146,61,68,137,102,8,89,42,91,63,148,41,109,7,143,18,100,92,97,76,16,62,145,71,121,64,104,141,110,90,4,138,125,47,13,84,38,103,116,5,79,30,112,150,26,48,44,31,52,59,24,39,127,87,111,149,15,113,32,142,6,35,36,82,60,50,98,3,1,10,49,14,65,28,144,123,69,56,129,17,95,139,135,86,114,147,101,67,78,19,66,23,126,128,133,134,2,37,40,27,107,21,120,130,99,83,105
70,140,58,106,136,74,55,34,72,85,117,45,118,131,12,88,9,81,57,122,80,25,108,33,119,29,94,20,53,75,54,46,96,22,73,93,124,132,11,115,77,51,146,61,68,137,102,8,89,42,91,63,148,41,109,7,143,18,100,92,97,76,16,62,145,71,121,64,104,141,110,90,4,138,125,47,13,84,38,103,116,5,79,30,112,150,26,48,44,31,52,59,24,39,127,87,111,149,15,113,32,142,6,35,36,82,60,50,98,3,1,10,49,14,65,28,144,123,69,56,129,17,95,139,135,86,114,147,101,67,78,19,66,23,126,128,133,134,2,37,40,27,107,21,120,130,99,83,105,43
140,58,106,136,74,55,34,72,85,117,45,118,131,12,88,9,81,57,122,80,25,108,33,119,29,94,20,53,75,54,46,96,22,73,93,124,132,11,115,77,51,146,61,68,137,102,8,89,42,91,63,148,41,109,7,143,18,100,92,97,76,16,62,145,71,121,64,104,141,110,90,4,138,125,47,13,84,38,103,116,5,79,30,112,150,26,48,44,31,52,59,24,39,127,87,111,149,15,113,32,142,6,35,36,82,60,50,98,3,1,10,49,14,65,28,144,123,69,56,129,17,95,139,135,86,114,147,101,67,78,19,66,23,126,128,133,134,2,37,40,27,107,21,120,130,99,83,105,43,70
58,106,136,74,55,34,72,85,117,45,118,131,12,88,9,81,57,122,80,25,108,33,119,29,94,20,53,75,54,46,96,22,73,93,124,132,11,115,77,51,146,61,68,137,102,8,89,42,91,63,148,41,109,7,143,18,100,92,97,76,16,62,145,71,121,64,104,141,110,90,4,138,125,47,13,84,38,103,116,5,79,30,112,150,26,48,44,31,52,59,24,39,127,87,111,149,15,113,32,142,6,35,36,82,60,50,98,3,1,10,49,14,65,28,144,123,69,56,129,17,95,139,135,86,114,147,101,67,78,19,66,23,126,128,133,134,2,37,40,27,107,21,120,130,99,83,105,43,70,140
106,136,74,55,34,72,85,117,45,118,131,12,88,9,81,57,122,80,25,108,33,119,29,94,20,53,75,54,46,96,22,73,93,124,132,11,115,77,51,146,61,68,137,102,8,89,42,91,63,148,41,109,7,143,18,100,92,97,76,16,62,145,71,121,64,104,141,110,90,4,138,125,47,13,84,38,103,116,5,79,30,112,150,26,48,44,31,52,59,24,39,127,87,111,149,15,113,32,142,6,35,36,82,60,50,98,3,1,10,49,14,65,28,144,123,69,56,129,17,95,139,135,86,114,147,101,67,78,19,66,23,126,128,133,134,2,37,40,27,107,21,120,130,99,83,105,43,70,140,58
136,74,55,34,72,85,117,45,118,131,12,88,9,81,57,122,80,25,108,33,119,29,94,20,53,75,54,46,96,22,73,93,124,132,11,115,77,51,146,61,68,137,102,8,89,42,91,63,148,41,109,7,143,18,100,92,97,76,16,62,145,71,121,64,104,141,110,90,4,138,125,47,13,84,38,103,116,5,79,30,112,150,26,48,44,31,52,59,24,39,127,87,111,149,15,113,32,142,6,35,36,82,60,50,98,3,1,10,49,14,65,28,144,123,69,56,129,17,95,139,135,86,114,147,101,67,78,19,66,23,126,128,133,134,2,37,40,27,107,21,120,130,99,83,105,43,70,140,58,106
74,55,34,72,85,117,45,118,131,12,88,9,81,57,122,80,25,108,33,119,29,94,20,53,75,54,46,96,22,73,93,124,132,11,115,77,51,146,61,68,137,102,8,89,42,91,63,148,41,109,7,143,18,100,92,97,76,16,62,145,71,121,64,104,141,110,90,4,138,125,47,13,84,38,103,116,5,79,30,112,150,26,48,44,31,52,59,24,39,127,87,111,149,15,113,32,142,6,35,36,82,60,50,98,3,1,10,49,14,65,28,144,123,69,56,129,17,95,139,135,86,114,147,101,67,78,19,66,23,126,128,133,134,2,37,40,27,107,21,120,130,99,83,105,43,70,140,58,106,136
55,34,72,85,117,45,118,131,12,88,9,81,57,122,80,25,108,33,119,29,94,20,53,75,54,46,96,22,73,93,124,132,11,115,77,51,146,61,68,137,102,8,89,42,91,63,148,41,109,7,143,18,100,92,97,76,16,62,145,71,121,64,104,141,110,90,4,138,125,47,13,84,38,103,116,5,79,30,112,150,26,48,44,31,52,59,24,39,127,87,111,149,15,113,32,142,6,35,36,82,60,50,98,3,1,10,49,14,65,28,144,123,69,56,129,17,95,139,135,86,114,147,101,67,78,19,66,23,126,128,133,134,2,37,40,27,107,21,120,130,99,83,105,43,70,140,58,106,136,74
34,72,85,117,45,118,131,12,88,9,81,57,122,80,25,108,33,119,29,94,20,53,75,54,46,96,22,73,93,124,132,11,115,77,51,146,61,68,137,102,8,89,42,91,63,148,41,109,7,143,18,100,92,97,76,16,62,145,71,121,64,104,141,110,90,4,138,125,47,13,84,38,103,116,5,79,30,112,150,26,48,44,31,52,59,24,39,127,87,111,149,15,113,32,142,6,35,36,82,60,50,98,3,1,10,49,14,65,28,144,123,69,56,129,17,95,139,135,86,114,147,101,67,78,19,66,23,126,128,133,134,2,37,40,27,107,21,120,130,99,83,105,43,70,140,58,106,136,74,55
72,85,117,45,118,131,12,88,9,81,57,122,80,25,108,33,119,29,94,20,53,75,54,46,96,22,73,93,124,132,11,115,77,51,146,61,68,137,102,8,89,42,91,63,148,41,109,7,143,18,100,92,97,76,16,62,145,71,121,64,104,141,110,90,4,138,125,47,13,84,38,103,116,5,79,30,112,150,26,48,44,31,52,59,24,39,127,87,111,149,15,113,32,142,6,35,36,82,60,50,98,3,1,10,49,14,65,28,144,123,69,56,129,17,95,139,135,86,114,147,101,67,78,19,66,23,126,128,133,134,2,37,40,27,107,21,120,130,99,83,105,43,70,140,58,106,136,74,55,34
85,117,45,118,131,12,88,9,81,57,122,80,25,108,33,119,29,94,20,53,75,54,46,96,22,73,93,124,132,11,115,77,51,146,61,68,137,102,8,89,42,91,63,148,41,109,7,143,18,100,92,97,76,16,62,145,71,121,64,104,141,110,90,4,138,125,47,13,84,38,103,116,5,79,30,112,150,26,48,44,31,52,59,24,39,127,87,111,149,15,113,32,142,6,35,36,82,60,50,98,3,1,10,49,14,65,28,144,123,69,56,129,17,95,139,135,86,114,147,101,67,78,19,66,23,126,128,133,134,2,37,40,27,107,21,120,130,99,83,105,43,70,140,58,106,136,74,55,34,72
117,45,118,131,12,88,9,81,57,122,80,25,108,33,119,29,94,20,53,75,54,46,96,22,73,93,124,132,11,115,77,51,146,61,68,137,102,8,89,42,91,63,148,41,109,7,143,18,100,92,97,76,16,62,145,71,121,64,104,141,110,90,4,138,125,47,13,84,38,103,116,5,79,30,112,150,26,48,44,31,52,59,24,39,127,87,111,149,15,113,32,142,6,35,36,82,60,50,98,3,1,10,49,14,65,28,144,123,69,56,129,17,95,139,135,86,114,147,101,67,78,19,66,23,126,128,133,134,2,37,40,27,107,21,120,130,99,83,105,43,70,140,58,106,136,74,55,34,72,85
45,118,131,12,88,9,81,57,122,80,25,108,33,119,29,94,20,53,75,54,46,96,22,73,93,124,132,11,115,77,51,146,61,68,137,102,8,89,42,91,63,148,41,109,7,143,18,100,92,97,76,16,62,145,71,121,64,104,141,110,90,4,138,125,47,13,84,38,103,116,5,79,30,112,150,26,48,44,31,52,59,24,39,127,87,111,149,15,113,32,142,6,35,36,82,60,50,98,3,1,10,49,14,65,28,144,123,69,56,129,17,95,139,135,86,114,147,101,67,78,19,66,23,126,128,133,134,2,37,40,27,107,21,120,130,99,83,105,43,70,140,58,106,136,74,55,34,72,85,117
118,131,12,88,9,81,57,122,80,25,108,33,119,29,94,20,53,75,54,46,96,22,73,93,124,132,11,115,77,51,146,61,68,137,102,8,89,42,91,63,148,41,109,7,143,18,100,92,97,76,16,62,145,71,121,64,104,141,110,90,4,138,125,47,13,84,38,103,116,5,79,30,112,150,26,48,44,31,52,59,24,39,127,87,111,149,15,113,32,142,6,35,36,82,60,50,98,3,1,10,49,14,65,28,144,123,69,56,129,17,95,139,135,86,114,147,101,67,78,19,66,23,126,128,133,134,2,37,40,27,107,21,120,130,99,83,105,43,70,140,58,106,136,74,55,34,72,85,117,45
131,12,88,9,81,57,122,80,25,108,33,119,29,94,20,53,75,54,46,96,22,73,93,124,132,11,115,77,51,146,61,68,137,102,8,89,42,91,63,148,41,109,7,143,18,100,92,97,76,16,62,145,71,121,64,104,141,110,90,4,138,125,47,13,84,38,103,116,5,79,30,112,150,26,48,44,31,52,59,24,39,127,87,111,149,15,113,32,142,6,35,36,82,60,50,98,3,1,10,49,14,65,28,144,123,69,56,129,17,95,139,135,86,114,147,101,67,78,19,66,23,126,128,133,134,2,37,40,27,107,21,120,130,99,83,105,43,70,140,58,106,136,74,55,34,72,85,117,45,118
12,88,9,81,57,122,80,25,108,33,119,29,94,20,53,75,54,46,96,22,73,93,124,132,11,115,77,51,146,61,68,137,102,8,89,42,91,63,148,41,109,7,143,18,100,92,97,76,16,62,145,71,121,64,104,141,110,90,4,138,125,47,13,84,38,103,116,5,79,30,112,150,26,48,44,31,52,59,24,39,127,87,111,149,15,113,32,142,6,35,36,82,60,50,98,3,1,10,49,14,65,28,144,123,69,56,129,17,95,139,135,86,114,147,101,67,78,19,66,23,126,128,133,134,2,37,40,27,107,21,120,130,99,83,105,43,70,140,58,106,136,74,55,34,72,85,117,45,118,131
88,9,81,57,122,80,25,108,33,119,29,94,20,53,75,54,46,96,22,73,93,124,132,11,115,77,51,146,61,68,137,102,8,89,42,91,63,148,41,109,7,143,18,100,92,97,76,16,62,145,71,121,64,104,141,110,90,4,138,125,47,13,84,38,103,116,5,79,30,112,150,26,48,44,31,52,59,24,39,127,87,111,149,15,113,32,142,6,35,36,82,60,50,98,3,1,10,49,14,65,28,144,123,69,56,129,17,95,139,135,86,114,147,101,67,78,19,66,23,126,128,133,134,2,37,40,27,107,21,120,130,99,83,105,43,70,140,58,106,136,74,55,34,72,85,117,45,118,131,12
9,81,57,122,80,25,108,33,119,29,94,20,53,75,54,46,96,22,73,93,124,132,11,115,77,51,146,61,68,137,102,8,89,42,91,63,148,41,109,7,143,18,100,92,97,76,16,62,145,71,121,64,104,141,110,90,4,138,125,47,13,84,38,103,116,5,79,30,112,150,26,48,44,31,52,59,24,39,127,87,111,149,15,113,32,142,6,35,36,82,60,50,98,3,1,10,49,14,65,28,144,123,69,56,129,17,95,139,135,86,114,147,101,67,78,19,66,23,126,128,133,134,2,37,40,27,107,21,120,130,99,83,105,43,70,140,58,106,136,74,55,34,72,85,117,45,118,131,12,88
81,57,122,80,25,108,33,119,29,94,20,53,75,54,46,96,22,73,93,124,132,11,115,77,51,146,61,68,137,102,8,89,42,91,63,148,41,109,7,143,18,100,92,97,76,16,62,145,71,121,64,104,141,110,90,4,138,125,47,13,84,38,103,116,5,79,30,112,150,26,48,44,31,52,59,24,39,127,87,111,149,15,113,32,142,6,35,36,82,60,50,98,3,1,10,49,14,65,28,144,123,69,56,129,17,95,139,135,86,114,147,101,67,78,19,66,23,126,128,133,134,2,37,40,27,107,21,120,130,99,83,105,43,70,140,58,106,136,74,55,34,72,85,117,45,118,131,12,88,9
57,122,80,25,108,33,119,29,94,20,53,75,54,46,96,22,73,93,124,132,11,115,77,51,146,61,68,137,102,8,89,42,91,63,148,41,109,7,143,18,100,92,97,76,16,62,145,71,121,64,104,141,110,90,4,138,125,47,13,84,38,103,116,5,79,30,112,150,26,48,44,31,52,59,24,39,127,87,111,149,15,113,32,142,6,35,36,82,60,50,98,3,1,10,49,14,65,28,144,123,69,56,129,17,95,139,135,86,114,147,101,67,78,19,66,23,126,128,133,134,2,37,40,27,107,21,120,130,99,83,105,43,70,140,58,106,136,74,55,34,72,85,117,45,118,131,12,88,9,81
122,80,25,108,33,119,29,94,20,53,75,54,46,96,22,73,93,124,132,11,115,77,51,146,61,68,137,102,8,89,42,91,63,148,41,109,7,143,18,100,92,97,76,16,62,145,71,121,64,104,141,110,90,4,138,125,47,13,84,38,103,116,5,79,30,112,150,26,48,44,31,52,59,24,39,127,87,111,149,15,113,32,142,6,35,36,82,60,50,98,3,1,10,49,14,65,28,144,123,69,56,129,17,95,139,135,86,114,147,101,67,78,19,66,23,126,128,133,134,2,37,40,27,107,21,120,130,99,83,105,43,70,140,58,106,136,74,55,34,72,85,117,45,118,131,12,88,9,81,57
80,25,108,33,119,29,94,20,53,75,54,46,96,22,73,93,124,132,11,115,77,51,146,61,68,137,102,8,89,42,91,63,148,41,109,7,143,18,100,92,97,76,16,62,145,71,121,64,104,141,110,90,4,138,125,47,13,84,38,103,116,5,79,30,112,150,26,48,44,31,52,59,24,39,127,87,111,149,15,113,32,142,6,35,36,82,60,50,98,3,1,10,49,14,65,28,144,123,69,56,129,17,95,139,135,86,114,147,101,67,78,19,66,23,126,128,133,134,2,37,40,27,107,21,120,130,99,83,105,43,70,140,58,106,136,74,55,34,72,85,117,45,118,131,12,88,9,81,57,122
25,108,33,119,29,94,20,53,75,54,46,96,22,73,93,124,132,11,115,77,51,146,61,68,137,102,8,89,42,91,63,148,41,109,7,143,18,100,92,97,76,16,62,145,71,121,64,104,141,110,90,4,138,125,47,13,84,38,103,116,5,79,30,112,150,26,48,44,31,52,59,24,39,127,87,111,149,15,113,32,142,6,35,36,82,60,50,98,3,1,10,49,14,65,28,144,123,69,56,129,17,95,139,135,86,114,147,101,67,78,19,66,23,126,128,133,134,2,37,40,27,107,21,120,130,99,83,105,43,70,140,58,106,136,74,55,34,72,85,117,45,118,131,12,88,9,81,57,122,80
108,33,119,29,94,20,53,75,54,46,96,22,73,93,124,132,11,115,77,51,146,61,68,137,102,8,89,42,91,63,148,41,109,7,143,18,100,92,97,76,16,62,145,71,121,64,104,141,110,90,4,138,125,47,13,84,38,103,116,5,79,30,112,150,26,48,44,31,52,59,24,39,127,87,111,149,15,113,32,142,6,35,36,82,60,50,98,3,1,10,49,14,65,28,144,123,69,56,129,17,95,139,135,86,114,147,101,67,78,19,66,23,126,128,133,134,2,37,40,27,107,21,120,130,99,83,105,43,70,140,58,106,136,74,55,34,72,85,117,45,118,131,12,88,9,81,57,122,80,25
33,119,29,94,20,53,75,54,46,96,22,73,93,124,132,11,115,77,51,146,61,68,137,102,8,89,42,91,63,148,41,109,7,143,18,100,92,97,76,16,62,145,71,121,64,104,141,110,90,4,138,125,47,13,84,38,103,116,5,79,30,112,150,26,48,44,31,52,59,24,39,127,87,111,149,15,113,32,142,6,35,36,82,60,50,98,3,1,10,49,14,65,28,144,123,69,56,129,17,95,139,135,86,114,147,101,67,78,19,66,23,126,128,133,134,2,37,40,27,107,21,120,130,99,83,105,43,70,140,58,106,136,74,55,34,72,85,117,45,118,131,12,88,9,81,57,122,80,25,108
119,29,94,20,53,75,54,46,96,22,73,93,124,132,11,115,77,51,146,61,68,137,102,8,89,42,91,63,148,41,109,7,143,18,100,92,97,76,16,62,145,71,121,64,104,141,110,90,4,138,125,47,13,84,38,103,116,5,79,30,112,150,26,48,44,31,52,59,24,39,127,87,111,149,15,113,32,142,6,35,36,82,60,50,98,3,1,10,49,14,65,28,144,123,69,56,129,17,95,139,135,86,114,147,101,67,78,19,66,23,126,128,133,134,2,37,40,27,107,21,120,130,99,83,105,43,70,140,58,106,136,74,55,34,72,85,117,45,118,131,12,88,9,81,57,122,80,25,108,33
29,94,20,53,75,54,46,96,22,73,93,124,132,11,115,77,51,146,61,68,137,102,8,89,42,91,63,148,41,109,7,143,18,100,92,97,76,16,62,145,71,121,64,104,141,110,90,4,138,125,47,13,84,38,103,116,5,79,30,112,150,26,48,44,31,52,59,24,39,127,87,111,149,15,113,32,142,6,35,36,82,60,50,98,3,1,10,49,14,65,28,144,123,69,56,129,17,95,139,135,86,114,147,101,67,78,19,66,23,126,128,133,134,2,37,40,27,107,21,120,130,99,83,105,43,70,140,58,106,136,74,55,34,72,85,117,45,118,131,12,88,9,81,57,122,80,25,108,33,119
94,20,53,75,54,46,96,22,73,93,124,132,11,115,77,51,146,61,68,137,102,8,89,42,91,63,148,41,109,7,143,18,100,92,97,76,16,62,145,71,121,64,104,141,110,90,4,138,125,47,13,84,38,103,116,5,79,30,112,150,26,48,44,31,52,59,24,39,127,87,111,149,15,113,32,142,6,35,36,82,60,50,98,3,1,10,49,14,65,28,144,123,69,56,129,17,95,139,135,86,114,147,101,67,78,19,66,23,126,128,133,134,2,37,40,27,107,21,120,130,99,83,105,43,70,140,58,106,136,74,55,34,72,85,117,45,118,131,12,88,9,81,57,122,80,25,108,33,119,29
20,53,75,54,46,96,22,73,93,124,132,11,115,77,51,146,61,68,137,102,8,89,42,91,63,148,41,109,7,143,18,100,92,97,76,16,62,145,71,121,64,104,141,110,90,4,138,125,47,13,84,38,103,116,5,79,30,112,150,26,48,44,31,52,59,24,39,127,87,111,149,15,113,32,142,6,35,36,82,60,50,98,3,1,10,49,14,65,28,144,123,69,56,129,17,95,139,135,86,114,147,101,67,78,19,66,23,126,128,133,134,2,37,40,27,107,21,120,130,99,83,105,43,70,140,58,106,136,74,55,34,72,85,117,45,118,131,12,88,9,81,57,122,80,25,108,33,119,29,94
53,75,54,46,96,22,73,93,124,132,11,115,77,51,146,61,68,137,102,8,89,42,91,63,148,41,109,7,143,18,100,92,97,76,16,62,145,71,121,64,104,141,110,90,4,138,125,47,13,84,38,103,116,5,79,30,112,150,26,48,44,31,52,59,24,39,127,87,111,149,15,113,32,142,6,35,36,82,60,50,98,3,1,10,49,14,65,28,144,123,69,56,129,17,95,139,135,86,114,147,101,67,78,19,66,23,126,128,133,134,2,37,40,27,107,21,120,130,99,83,105,43,70,140,58,106,136,74,55,34,72,85,117,45,118,131,12,88,9,81,57,122,80,25,108,33,119,29,94,20
75,54,46,96,22,73,93,124,132,11,115,77,51,146,61,68,137,102,8,89,42,91,63,148,41,109,7,143,18,100,92,97,76,16,62,145,71,121,64,104,141,110,90,4,138,125,47,13,84,38,103,116,5,79,30,112,150,26,48,44,31,52,59,24,39,127,87,111,149,15,113,32,142,6,35,36,82,60,50,98,3,1,10,49,14,65,28,144,123,69,56,129,17,95,139,135,86,114,147,101,67,78,19,66,23,126,128,133,134,2,37,40,27,107,21,120,130,99,83,105,43,70,140,58,106,136,74,55,34,72,85,117,45,118,131,12,88,9,81,57,122,80,25,108,33,119,29,94,20,53
54,46,96,22,73,93,124,132,11,115,77,51,146,61,68,137,102,8,89,42,91,63,148,41,109,7,143,18,100,92,97,76,16,62,145,71,121,64,104,141,110,90,4,138,125,47,13,84,38,103,116,5,79,30,112,150,26,48,44,31,52,59,24,39,127,87,111,149,15,113,32,142,6,35,36,82,60,50,98,3,1,10,49,14,65,28,144,123,69,56,129,17,95,139,135,86,114,147,101,67,78,19,66,23,126,128,133,134,2,37,40,27,107,21,120,130,99,83,105,43,70,140,58,106,136,74,55,34,72,85,117,45,118,131,12,88,9,81,57,122,80,25,108,33,119,29,94,20,53,75
46,96,22,73,93,124,132,11,115,77,51,146,61,68,137,102,8,89,42,91,63,148,41,109,7,143,18,100,92,97,76,16,62,145,71,121,64,104,141,110,90,4,138,125,47,13,84,38,103,116,5,79,30,112,150,26,48,44,31,52,59,24,39,127,87,111,149,15,113,32,142,6,35,36,82,60,50,98,3,1,10,49,14,65,28,144,123,69,56,129,17,95,139,135,86,114,147,101,67,78,19,66,23,126,128,133,134,2,37,40,27,107,21,120,130,99,83,105,43,70,140,58,106,136,74,55,34,72,85,117,45,118,131,12,88,9,81,57,122,80,25,108,33,119,29,94,20,53,75,54
96,22,73,93,124,132,11,115,77,51,146,61,68,137,102,8,89,42,91,63,148,41,109,7,143,18,100,92,97,76,16,62,145,71,121,64,104,141,110,90,4,138,125,47,13,84,38,103,116,5,79,30,112,150,26,48,44,31,52,59,24,39,127,87,111,149,15,113,32,142,6,35,36,82,60,50,98,3,1,10,49,14,65,28,144,123,69,56,129,17,95,139,135,86,114,147,101,67,78,19,66,23,126,128,133,134,2,37,40,27,107,21,120,130,99,83,105,43,70,140,58,106,136,74,55,34,72,85,117,45,118,131,12,88,9,81,57,122,80,25,108,33,119,29,94,20,53,75,54,46
22,73,93,124,132,11,115,77,51,146,61,68,137,102,8,89,42,91,63,148,41,109,7,143,18,100,92,97,76,16,62,145,71,121,64,104,141,110,90,4,138,125,47,13,84,38,103,116,5,79,30,112,150,26,48,44,31,52,59,24,39,127,87,111,149,15,113,32,142,6,35,36,82,60,50,98,3,1,10,49,14,65,28,144,123,69,56,129,17,95,139,135,86,114,147,101,67,78,19,66,23,126,128,133,134,2,37,40,27,107,21,120,130,99,83,105,43,70,140,58,106,136,74,55,34,72,85,117,45,118,131,12,88,9,81,57,122,80,25,108,33,119,29,94,20,53,75,54,46,96
73,93,124,132,11,115,77,51,146,61,68,137,102,8,89,42,91,63,148,41,109,7,143,18,100,92,97,76,16,62,145,71,121,64,104,141,110,90,4,138,125,47,13,84,38,103,116,5,79,30,112,150,26,48,44,31,52,59,24,39,127,87,111,149,15,113,32,142,6,35,36,82,60,50,98,3,1,10,49,14,65,28,144,123,69,56,129,17,95,139,135,86,114,147,101,67,78,19,66,23,126,128,133,134,2,37,40,27,107,21,120,130,99,83,105,43,70,140,58,106,136,74,55,34,72,85,117,45,118,131,12,88,9,81,57,122,80,25,108,33,119,29,94,20,53,75,54,46,96,22
93,124,132,11,115,77,51,146,61,68,137,102,8,89,42,91,63,148,41,109,7,143,18,100,92,97,76,16,62,145,71,121,64,104,141,110,90,4,138,125,47,13,84,38,103,116,5,79,30,112,150,26,48,44,31,52,59,24,39,127,87,111,149,15,113,32,142,6,35,36,82,60,50,98,3,1,10,49,14,65,28,144,123,69,56,129,17,95,139,135,86,114,147,101,67,78,19,66,23,126,128,133,134,2,37,40,27,107,21,120,130,99,83,105,43,70,140,58,106,136,74,55,34,72,85,117,45,118,131,12,88,9,81,57,122,80,25,108,33,119,29,94,20,53,75,54,46,96,22,73
124,132,11,115,77,51,146,61,68,137,102,8,89,42,91,63,148,41,109,7,143,18,100,92,97,76,16,62,145,71,121,64,104,141,110,90,4,138,125,47,13,84,38,103,116,5,79,30,112,150,26,48,44,31,52,59,24,39,127,87,111,149,15,113,32,142,6,35,36,82,60,50,98,3,1,10,49,14,65,28,144,123,69,56,129,17,95,139,135,86,114,147,101,67,78,19,66,23,126,128,133,134,2,37,40,27,107,21,120,130,99,83,105,43,70,140,58,106,136,74,55,34,72,85,117,45,118,131,12,88,9,81,57,122,80,25,108,33,119,29,94,20,53,75,54,46,96,22,73,93
132,11,115,77,51,146,61,68,137,102,8,89,42,91,63,148,41,109,7,143,18,100,92,97,76,16,62,145,71,121,64,104,141,110,90,4,138,125,47,13,84,38,103,116,5,79,30,112,150,26,48,44,31,52,59,24,39,127,87,111,149,15,113,32,142,6,35,36,82,60,50,98,3,1,10,49,14,65,28,144,123,69,56,129,17,95,139,135,86,114,147,101,67,78,19,66,23,126,128,133,134,2,37,40,27,107,21,120,130,99,83,105,43,70,140,58,106,136,74,55,34,72,85,117,45,118,131,12,88,9,81,57,122,80,25,108,33,119,29,94,20,53,75,54,46,96,22,73,93,124
11,115,77,51,146,61,68,137,102,8,89,42,91,63,148,41,109,7,143,18,100,92,97,76,16,62,145,71,121,64,104,141,110,90,4,138,125,47,13,84,38,103,116,5,79,30,112,150,26,48,44,31,52,59,24,39,127,87,111,149,15,113,32,142,6,35,36,82,60,50,98,3,1,10,49,14,65,28,144,123,69,56,129,17,95,139,135,86,114,147,101,67,78,19,66,23,126,128,133,134,2,37,40,27,107,21,120,130,99,83,105,43,70,140,58,106,136,74,55,34,72,85,117,45,118,131,12,88,9,81,57,122,80,25,108,33,119,29,94,20,53,75,54,46,96,22,73,93,124,132
115,77,51,146,61,68,137,102,8,89,42,91,63,148,41,109,7,143,18,100,92,97,76,16,62,145,71,121,64,104,141,110,90,4,138,125,47,13,84,38,103,116,5,79,30,112,150,26,48,44,31,52,59,24,39,127,87,111,149,15,113,32,142,6,35,36,82,60,50,98,3,1,10,49,14,65,28,144,123,69,56,129,17,95,139,135,86,114,147,101,67,78,19,66,23,126,128,133,134,2,37,40,27,107,21,120,130,99,83,105,43,70,140,58,106,136,74,55,34,72,85,117,45,118,131,12,88,9,81,57,122,80,25,108,33,119,29,94,20,53,75,54,46,96,22,73,93,124,132,11
77,51,146,61,68,137,102,8,89,42,91,63,148,41,109,7,143,18,100,92,97,76,16,62,145,71,121,64,104,141,110,90,4,138,125,47,13,84,38,103,116,5,79,30,112,150,26,48,44,31,52,59,24,39,127,87,111,149,15,113,32,142,6,35,36,82,60,50,98,3,1,10,49,14,65,28,144,123,69,56,129,17,95,139,135,86,114,147,101,67,78,19,66,23,126,128,133,134,2,37,40,27,107,21,120,130,99,83,105,43,70,140,58,106,136,74,55,34,72,85,117,45,118,131,12,88,9,81,57,122,80,25,108,33,119,29,94,20,53,75,54,46,96,22,73,93,124,132,11,115
51,146,61,68,137,102,8,89,42,91,63,148,41,109,7,143,18,100,92,97,76,16,62,145,71,121,64,104,141,110,90,4,138,125,47,13,84,38,103,116,5,79,30,112,150,26,48,44,31,52,59,24,39,127,87,111,149,15,113,32,142,6,35,36,82,60,50,98,3,1,10,49,14,65,28,144,123,69,56,129,17,95,139,135,86,114,147,101,67,78,19,66,23,126,128,133,134,2,37,40,27,107,21,120,130,99,83,105,43,70,140,58,106,136,74,55,34,72,85,117,45,118,131,12,88,9,81,57,122,80,25,108,33,119,29,94,20,53,75,54,46,96,22,73,93,124,132,11,115,77
146,61,68,137,102,8,89,42,91,63,148,41,109,7,143,18,100,92,97,76,16,62,145,71,121,64,104,141,110,90,4,138,125,47,13,84,38,103,116,5,79,30,112,150,26,48,44,31,52,59,24,39,127,87,111,149,15,113,32,142,6,35,36,82,60,50,98,3,1,10,49,14,65,28,144,123,69,56,129,17,95,139,135,86,114,147,101,67,78,19,66,23,126,128,133,134,2,37,40,27,107,21,120,130,99,83,105,43,70,140,58,106,136,74,55,34,72,85,117,45,118,131,12,88,9,81,57,122,80,25,108,33,119,29,94,20,53,75,54,46,96,22,73,93,124,132,11,115,77,51
61,68,137,102,8,89,42,91,63,148,41,109,7,143,18,100,92,97,76,16,62,145,71,121,64,104,141,110,90,4,138,125,47,13,84,38,103,116,5,79,30,112,150,26,48,44,31,52,59,24,39,127,87,111,149,15,113,32,142,6,35,36,82,60,50,98,3,1,10,49,14,65,28,144,123,69,56,129,17,95,139,135,86,114,147,101,67,78,19,66,23,126,128,133,134,2,37,40,27,107,21,120,130,99,83,105,43,70,140,58,106,136,74,55,34,72,85,117,45,118,131,12,88,9,81,57,122,80,25,108,33,119,29,94,20,53,75,54,46,96,22,73,93,124,132,11,115,77,51,146
68,137,102,8,89,42,91,63,148,41,109,7,143,18,100,92,97,76,16,62,145,71,121,64,104,141,110,90,4,138,125,47,13,84,38,103,116,5,79,30,112,150,26,48,44,31,52,59,24,39,127,87,111,149,15,113,32,142,6,35,36,82,60,50,98,3,1,10,49,14,65,28,144,123,69,56,129,17,95,139,135,86,114,147,101,67,78,19,66,23,126,128,133,134,2,37,40,27,107,21,120,130,99,83,105,43,70,140,58,106,136,74,55,34,72,85,117,45,118,131,12,88,9,81,57,122,80,25,108,33,119,29,94,20,53,75,54,46,96,22,73,93,124,132,11,115,77,51,146,61
137,102,8,89,42,91,63,148,41,109,7,143,18,100,92,97,76,16,62,145,71,121,64,104,141,110,90,4,138,125,47,13,84,38,103,116,5,79,30,112,150,26,48,44,31,52,59,24,39,127,87,111,149,15,113,32,142,6,35,36,82,60,50,98,3,1,10,49,14,65,28,144,123,69,56,129,17,95,139,135,86,114,147,101,67,78,19,66,23,126,128,133,134,2,37,40,27,107,21,120,130,99,83,105,43,70,140,58,106,136,74,55,34,72,85,117,45,118,131,12,88,9,81,57,122,80,25,108,33,119,29,94,20,53,75,54,46,96,22,73,93,124,132,11,115,77,51,146,61,68
102,8,89,42,91,63,148,41,109,7,143,18,100,92,97,76,16,62,145,71,121,64,104,141,110,90,4,138,125,47,13,84,38,103,116,5,79,30,112,150,26,48,44,31,52,59,24,39,127,87,111,149,15,113,32,142,6,35,36,82,60,50,98,3,1,10,49,14,65,28,144,123,69,56,129,17,95,139,135,86,114,147,101,67,78,19,66,23,126,128,133,134,2,37,40,27,107,21,120,130,99,83,105,43,70,140,58,106,136,74,55,34,72,85,117,45,118,131,12,88,9,81,57,122,80,25,108,33,119,29,94,20,53,75,54,46,96,22,73,93,124,132,11,115,77,51,146,61,68,137
8,89,42,91,63,148,41,109,7,143,18,100,92,97,76,16,62,145,71,121,64,104,141,110,90,4,138,125,47,13,84,38,103,116,5,79,30,112,150,26,48,44,31,52,59,24,39,127,87,111,149,15,113,32,142,6,35,36,82,60,50,98,3,1,10,49,14,65,28,144,123,69,56,129,17,95,139,135,86,114,147,101,67,78,19,66,23,126,128,133,134,2,37,40,27,107,21,120,130,99,83,105,43,70,140,58,106,136,74,55,34,72,85,117,45,118,131,12,88,9,81,57,122,80,25,108,33,119,29,94,20,53,75,54,46,96,22,73,93,124,132,11,115,77,51,146,61,68,137,102
89,42,91,63,148,41,109,7,143,18,100,92,97,76,16,62,145,71,121,64,104,141,110,90,4,138,125,47,13,84,38,103,116,5,79,30,112,150,26,48,44,31,52,59,24,39,127,87,111,149,15,113,32,142,6,35,36,82,60,50,98,3,1,10,49,14,65,28,144,123,69,56,129,17,95,139,135,86,114,147,101,67,78,19,66,23,126,128,133,134,2,37,40,27,107,21,120,130,99,83,105,43,70,140,58,106,136,74,55,34,72,85,117,45,118,131,12,88,9,81,57,122,80,25,108,33,119,29,94,20,53,75,54,46,96,22,73,93,124,132,11,115,77,51,146,61,68,137,102,8
42,91,63,148,41,109,7,143,18,100,92,97,76,16,62,145,71,121,64,104,141,110,90,4,138,125,47,13,84,38,103,116,5,79,30,112,150,26,48,44,31,52,59,24,39,127,87,111,149,15,113,32,142,6,35,36,82,60,50,98,3,1,10,49,14,65,28,144,123,69,56,129,17,95,139,135,86,114,147,101,67,78,19,66,23,126,128,133,134,2,37,40,27,107,21,120,130,99,83,105,43,70,140,58,106,136,74,55,34,72,85,117,45,118,131,12,88,9,81,57,122,80,25,108,33,119,29,94,20,53,75,54,46,96,22,73,93,124,132,11,115,77,51,146,61,68,137,102,8,89
91,63,148,41,109,7,143,18,100,92,97,76,16,62,145,71,121,64,104,141,110,90,4,138,125,47,13,84,38,103,116,5,79,30,112,150,26,48,44,31,52,59,24,39,127,87,111,149,15,113,32,142,6,35,36,82,60,50,98,3,1,10,49,14,65,28,144,123,69,56,129,17,95,139,135,86,114,147,101,67,78,19,66,23,126,128,133,134,2,37,40,27,107,21,120,130,99,83,105,43,70,140,58,106,136,74,55,34,72,85,117,45,118,131,12,88,9,81,57,122,80,25,108,33,119,29,94,20,53,75,54,46,96,22,73,93,124,132,11,115,77,51,146,61,68,137,102,8,89,42
63,148,41,109,7,143,18,100,92,97,76,16,62,145,71,121,64,104,141,110,90,4,138,125,47,13,84,38,103,116,5,79,30,112,150,26,48,44,31,52,59,24,39,127,87,111,149,15,113,32,142,6,35,36,82,60,50,98,3,1,10,49,14,65,28,144,123,69,56,129,17,95,139,135,86,114,147,101,67,78,19,66,23,126,128,133,134,2,37,40,27,107,21,120,130,99,83,105,43,70,140,58,106,136,74,55,34,72,85,117,45,118,131,12,88,9,81,57,122,80,25,108,33,119,29,94,20,53,75,54,46,96,22,73,93,124,132,11,115,77,51,146,61,68,137,102,8,89,42,91
148,41,109,7,143,18,100,92,97,76,16,62,145,71,121,64,104,141,110,90,4,138,125,47,13,84,38,103,116,5,79,30,112,150,26,48,44,31,52,59,24,39,127,87,111,149,15,113,32,142,6,35,36,82,60,50,98,3,1,10,49,14,65,28,144,123,69,56,129,17,95,139,135,86,114,147,101,67,78,19,66,23,126,128,133,134,2,37,40,27,107,21,120,130,99,83,105,43,70,140,58,106,136,74,55,34,72,85,117,45,118,131,12,88,9,81,57,122,80,25,108,33,119,29,94,20,53,75,54,46,96,22,73,93,124,132,11,115,77,51,146,61,68,137,102,8,89,42,91,63
41,109,7,143,18,100,92,97,76,16,62,145,71,121,64,104,141,110,90,4,138,125,47,13,84,38,103,116,5,79,30,112,150,26,48,44,31,52,59,24,39,127,87,111,149,15,113,32,142,6,35,36,82,60,50,98,3,1,10,49,14,65,28,144,123,69,56,129,17,95,139,135,86,114,147,101,67,78,19,66,23,126,128,133,134,2,37,40,27,107,21,120,130,99,83,105,43,70,140,58,106,136,74,55,34,72,85,117,45,118,131,12,88,9,81,57,122,80,25,108,33,119,29,94,20,53,75,54,46,96,22,73,93,124,132,11,115,77,51,146,61,68,137,102,8,89,42,91,63,148
109,7,143,18,100,92,97,76,16,62,145,71,121,64,104,141,110,90,4,138,125,47,13,84,38,103,116,5,79,30,112,150,26,48,44,31,52,59,24,39,127,87,111,149,15,113,32,142,6,35,36,82,60,50,98,3,1,10,49,14,65,28,144,123,69,56,129,17,95,139,135,86,114,147,101,67,78,19,66,23,126,128,133,134,2,37,40,27,107,21,120,130,99,83,105,43,70,140,58,106,136,74,55,34,72,85,117,45,118,131,12,88,9,81,57,122,80,25,108,33,119,29,94,20,53,75,54,46,96,22,73,93,124,132,11,115,77,51,146,61,68,137,102,8,89,42,91,63,148,41
7,143,18,100,92,97,76,16,62,145,71,121,64,104,141,110,90,4,138,125,47,13,84,38,103,116,5,79,30,112,150,26,48,44,31,52,59,24,39,127,87,111,149,15,113,32,142,6,35,36,82,60,50,98,3,1,10,49,14,65,28,144,123,69,56,129,17,95,139,135,86,114,147,101,67,78,19,66,23,126,128,133,134,2,37,40,27,107,21,120,130,99,83,105,43,70,140,58,106,136,74,55,34,72,85,117,45,118,131,12,88,9,81,57,122,80,25,108,33,119,29,94,20,53,75,54,46,96,22,73,93,124,132,11,115,77,51,146,61,68,137,102,8,89,42,91,63,148,41,109
143,18,100,92,97,76,16,62,145,71,121,64,104,141,110,90,4,138,125,47,13,84,38,103,116,5,79,30,112,150,26,48,44,31,52,59,24,39,127,87,111,149,15,113,32,142,6,35,36,82,60,50,98,3,1,10,49,14,65,28,144,123,69,56,129,17,95,139,135,86,114,147,101,67,78,19,66,23,126,128,133,134,2,37,40,27,107,21,120,130,99,83,105,43,70,140,58,106,136,74,55,34,72,85,117,45,118,131,12,88,9,81,57,122,80,25,108,33,119,29,94,20,53,75,54,46,96,22,73,93,124,132,11,115,77,51,146,61,68,137,102,8,89,42,91,63,148,41,109,7
18,100,92,97,76,16,62,145,71,121,64,104,141,110,90,4,138,125,47,13,84,38,103,116,5,79,30,112,150,26,48,44,31,52,59,24,39,127,87,111,149,15,113,32,142,6,35,36,82,60,50,98,3,1,10,49,14,65,28,144,123,69,56,129,17,95,139,135,86,114,147,101,67,78,19,66,23,126,128,133,134,2,37,40,27,107,21,120,130,99,83,105,43,70,140,58,106,136,74,55,34,72,85,117,45,118,131,12,88,9,81,57,122,80,25,108,33,119,29,94,20,53,75,54,46,96,22,73,93,124,132,11,115,77,51,146,61,68,137,102,8,89,42,91,63,148,41,109,7,143
100,92,97,76,16,62,145,71,121,64,104,141,110,90,4,138,125,47,13,84,38,103,116,5,79,30,112,150,26,48,44,31,52,59,24,39,127,87,111,149,15,113,32,142,6,35,36,82,60,50,98,3,1,10,49,14,65,28,144,123,69,56,129,17,95,139,135,86,114,147,101,67,78,19,66,23,126,128,133,134,2,37,40,27,107,21,120,130,99,83,105,43,70,140,58,106,136,74,55,34,72,85,117,45,118,131,12,88,9,81,57,122,80,25,108,33,119,29,94,20,53,75,54,46,96,22,73,93,124,132,11,115,77,51,146,61,68,137,102,8,89,42,91,63,148,41,109,7,143,18
92,97,76,16,62,145,71,121,64,104,141,110,90,4,138,125,47,13,84,38,103,116,5,79,30,112,150,26,48,44,31,52,59,24,39,127,87,111,149,15,113,32,142,6,35,36,82,60,50,98,3,1,10,49,14,65,28,144,123,69,56,129,17,95,139,135,86,114,147,101,67,78,19,66,23,126,128,133,134,2,37,40,27,107,21,120,130,99,83,105,43,70,140,58,106,136,74,55,34,72,85,117,45,118,131,12,88,9,81,57,122,80,25,108,33,119,29,94,20,53,75,54,46,96,22,73,93,124,132,11,115,77,51,146,61,68,137,102,8,89,42,91,63,148,41,109,7,143,18,100
97,76,16,62,145,71,121,64,104,141,110,90,4,138,125,47,13,84,38,103,116,5,79,30,112,150,26,48,44,31,52,59,24,39,127,87,111,149,15,113,32,142,6,35,36,82,60,50,98,3,1,10,49,14,65,28,144,123,69,56,129,17,95,139,135,86,114,147,101,67,78,19,66,23,126,128,133,134,2,37,40,27,107,21,120,130,99,83,105,43,70,140,58,106,136,74,55,34,72,85,117,45,118,131,12,88,9,81,57,122,80,25,108,33,119,29,94,20,53,75,54,46,96,22,73,93,124,132,11,115,77,51,146,61,68,137,102,8,89,42,91,63,148,41,109,7,143,18,100,92
76,16,62,145,71,121,64,104,141,110,90,4,138,125,47,13,84,38,103,116,5,79,30,112,150,26,48,44,31,52,59,24,39,127,87,111,149,15,113,32,142,6,35,36,82,60,50,98,3,1,10,49,14,65,28,144,123,69,56,129,17,95,139,135,86,114,147,101,67,78,19,66,23,126,128,133,134,2,37,40,27,107,21,120,130,99,83,105,43,70,140,58,106,136,74,55,34,72,85,117,45,118,131,12,88,9,81,57,122,80,25,108,33,119,29,94,20,53,75,54,46,96,22,73,93,124,132,11,115,77,51,146,61,68,137,102,8,89,42,91,63,148,41,109,7,143,18,100,92,97
16,62,145,71,121,64,104,141,110,90,4,138,125,47,13,84,38,103,116,5,79,30,112,150,26,48,44,31,52,59,24,39,127,87,111,149,15,113,32,142,6,35,36,82,60,50,98,3,1,10,49,14,65,28,144,123,69,56,129,17,95,139,135,86,114,147,101,67,78,19,66,23,126,128,133,134,2,37,40,27,107,21,120,130,99,83,105,43,70,140,58,106,136,74,55,34,72,85,117,45,118,131,12,88,9,81,57,122,80,25,108,33,119,29,94,20,53,75,54,46,96,22,73,93,124,132,11,115,77,51,146,61,68,137,102,8,89,42,91,63,148,41,109,7,143,18,100,92,97,76
62,145,71,121,64,104,141,110,90,4,138,125,47,13,84,38,103,116,5,79,30,112,150,26,48,44,31,52,59,24,39,127,87,111,149,15,113,32,142,6,35,36,82,60,50,98,3,1,10,49,14,65,28,144,123,69,56,129,17,95,139,135,86,114,147,101,67,78,19,66,23,126,128,133,134,2,37,40,27,107,21,120,130,99,83,105,43,70,140,58,106,136,74,55,34,72,85,117,45,118,131,12,88,9,81,57,122,80,25,108,33,119,29,94,20,53,75,54,46,96,22,73,93,124,132,11,115,77,51,146,61,68,137,102,8,89,42,91,63,148,41,109,7,143,18,100,92,97,76,16
145,71,121,64,104,141,110,90,4,138,125,47,13,84,38,103,116,5,79,30,112,150,26,48,44,31,52,59,24,39,127,87,111,149,15,113,32,142,6,35,36,82,60,50,98,3,1,10,49,14,65,28,144,123,69,56,129,17,95,139,135,86,114,147,101,67,78,19,66,23,126,128,133,134,2,37,40,27,107,21,120,130,99,83,105,43,70,140,58,106,136,74,55,34,72,85,117,45,118,131,12,88,9,81,57,122,80,25,108,33,119,29,94,20,53,75,54,46,96,22,73,93,124,132,11,115,77,51,146,61,68,137,102,8,89,42,91,63,148,41,109,7,143,18,100,92,97,76,16,62
71,121,64,104,141,110,90,4,138,125,47,13,84,38,103,116,5,79,30,112,150,26,48,44,31,52,59,24,39,127,87,111,149,15,113,32,142,6,35,36,82,60,50,98,3,1,10,49,14,65,28,144,123,69,56,129,17,95,139,135,86,114,147,101,67,78,19,66,23,126,128,133,134,2,37,40,27,107,21,120,130,99,83,105,43,70,140,58,106,136,74,55,34,72,85,117,45,118,131,12,88,9,81,57,122,80,25,108,33,119,29,94,20,53,75,54,46,96,22,73,93,124,132,11,115,77,51,146,61,68,137,102,8,89,42,91,63,148,41,109,7,143,18,100,92,97,76,16,62,145
121,64,104,141,110,90,4,138,125,47,13,84,38,103,116,5,79,30,112,150,26,48,44,31,52,59,24,39,127,87,111,149,15,113,32,142,6,35,36,82,60,50,98,3,1,10,49,14,65,28,144,123,69,56,129,17,95,139,135,86,114,147,101,67,78,19,66,23,126,128,133,134,2,37,40,27,107,21,120,130,99,83,105,43,70,140,58,106,136,74,55,34,72,85,117,45,118,131,12,88,9,81,57,122,80,25,108,33,119,29,94,20,53,75,54,46,96,22,73,93,124,132,11,115,77,51,146,61,68,137,102,8,89,42,91,63,148,41,109,7,143,18,100,92,97,76,16,62,145,71
64,104,141,110,90,4,138,125,47,13,84,38,103,116,5,79,30,112,150,26,48,44,31,52,59,24,39,127,87,111,149,15,113,32,142,6,35,36,82,60,50,98,3,1,10,49,14,65,28,144,123,69,56,129,17,95,139,135,86,114,147,101,67,78,19,66,23,126,128,133,134,2,37,40,27,107,21,120,130,99,83,105,43,70,140,58,106,136,74,55,34,72,85,117,45,118,131,12,88,9,81,57,122,80,25,108,33,119,29,94,20,53,75,54,46,96,22,73,93,124,132,11,115,77,51,146,61,68,137,102,8,89,42,91,63,148,41,109,7,143,18,100,92,97,76,16,62,145,71,121
104,141,110,90,4,138,125,47,13,84,38,103,116,5,79,30,112,150,26,48,44,31,52,59,24,39,127,87,111,149,15,113,32,142,6,35,36,82,60,50,98,3,1,10,49,14,65,28,144,123,69,56,129,17,95,139,135,86,114,147,101,67,78,19,66,23,126,128,133,134,2,37,40,27,107,21,120,130,99,83,105,43,70,140,58,106,136,74,55,34,72,85,117,45,118,131,12,88,9,81,57,122,80,25,108,33,119,29,94,20,53,75,54,46,96,22,73,93,124,132,11,115,77,51,146,61,68,137,102,8,89,42,91,63,148,41,109,7,143,18,100,92,97,76,16,62,145,71,121,64
141,110,90,4,138,125,47,13,84,38,103,116,5,79,30,112,150,26,48,44,31,52,59,24,39,127,87,111,149,15,113,32,142,6,35,36,82,60,50,98,3,1,10,49,14,65,28,144,123,69,56,129,17,95,139,135,86,114,147,101,67,78,19,66,23,126,128,133,134,2,37,40,27,107,21,120,130,99,83,105,43,70,140,58,106,136,74,55,34,72,85,117,45,118,131,12,88,9,81,57,122,80,25,108,33,119,29,94,20,53,75,54,46,96,22,73,93,124,132,11,115,77,51,146,61,68,137,102,8,89,42,91,63,148,41,109,7,143,18,100,92,97,76,16,62,145,71,121,64,104
110,90,4,138,125,47,13,84,38,103,116,5,79,30,112,150,26,48,44,31,52,59,24,39,127,87,111,149,15,113,32,142,6,35,36,82,60,50,98,3,1,10,49,14,65,28,144,123,69,56,129,17,95,139,135,86,114,147,101,67,78,19,66,23,126,128,133,134,2,37,40,27,107,21,120,130,99,83,105,43,70,140,58,106,136,74,55,34,72,85,117,45,118,131,12,88,9,81,57,122,80,25,108,33,119,29,94,20,53,75,54,46,96,22,73,93,124,132,11,115,77,51,146,61,68,137,102,8,89,42,91,63,148,41,109,7,143,18,100,92,97,76,16,62,145,71,121,64,104,141
90,4,138,125,47,13,84,38,103,116,5,79,30,112,150,26,48,44,31,52,59,24,39,127,87,111,149,15,113,32,142,6,35,36,82,60,50,98,3,1,10,49,14,65,28,144,123,69,56,129,17,95,139,135,86,114,147,101,67,78,19,66,23,126,128,133,134,2,37,40,27,107,21,120,130,99,83,105,43,70,140,58,106,136,74,55,34,72,85,117,45,118,131,12,88,9,81,57,122,80,25,108,33,119,29,94,20,53,75,54,46,96,22,73,93,124,132,11,115,77,51,146,61,68,137,102,8,89,42,91,63,148,41,109,7,143,18,100,92,97,76,16,62,145,71,121,64,104,141,110
4,138,125,47,13,84,38,103,116,5,79,30,112,150,26,48,44,31,52,59,24,39,127,87,111,149,15,113,32,142,6,35,36,82,60,50,98,3,1,10,49,14,65,28,144,123,69,56,129,17,95,139,135,86,114,147,101,67,78,19,66,23,126,128,133,134,2,37,40,27,107,21,120,130,99,83,105,43,70,140,58,106,136,74,55,34,72,85,117,45,118,131,12,88,9,81,57,122,80,25,108,33,119,29,94,20,53,75,54,46,96,22,73,93,124,132,11,115,77,51,146,61,68,137,102,8,89,42,91,63,148,41,109,7,143,18,100,92,97,76,16,62,145,71,121,64,104,141,110,90
138,125,47,13,84,38,103,116,5,79,30,112,150,26,48,44,31,52,59,24,39,127,87,111,149,15,113,32,142,6,35,36,82,60,50,98,3,1,10,49,14,65,28,144,123,69,56,129,17,95,139,135,86,114,147,101,67,78,19,66,23,126,128,133,134,2,37,40,27,107,21,120,130,99,83,105,43,70,140,58,106,136,74,55,34,72,85,117,45,118,131,12,88,9,81,57,122,80,25,108,33,119,29,94,20,53,75,54,46,96,22,73,93,124,132,11,115,77,51,146,61,68,137,102,8,89,42,91,63,148,41,109,7,143,18,100,92,97,76,16,62,145,71,121,64,104,141,110,90,4
125,47,13,84,38,103,116,5,79,30,112,150,26,48,44,31,52,59,24,39,127,87,111,149,15,113,32,142,6,35,36,82,60,50,98,3,1,10,49,14,65,28,144,123,69,56,129,17,95,139,135,86,114,147,101,67,78,19,66,23,126,128,133,134,2,37,40,27,107,21,120,130,99,83,105,43,70,140,58,106,136,74,55,34,72,85,117,45,118,131,12,88,9,81,57,122,80,25,108,33,119,29,94,20,53,75,54,46,96,22,73,93,124,132,11,115,77,51,146,61,68,137,102,8,89,42,91,63,148,41,109,7,143,18,100,92,97,76,16,62,145,71,121,64,104,141,110,90,4,138
47,13,84,38,103,116,5,79,30,112,150,26,48,44,31,52,59,24,39,127,87,111,149,15,113,32,142,6,35,36,82,60,50,98,3,1,10,49,14,65,28,144,123,69,56,129,17,95,139,135,86,114,147,101,67,78,19,66,23,126,128,133,134,2,37,40,27,107,21,120,130,99,83,105,43,70,140,58,106,136,74,55,34,72,85,117,45,118,131,12,88,9,81,57,122,80,25,108,33,119,29,94,20,53,75,54,46,96,22,73,93,124,132,11,115,77,51,146,61,68,137,102,8,89,42,91,63,148,41,109,7,143,18,100,92,97,76,16,62,145,71,121,64,104,141,110,90,4,138,125
13,84,38,103,116,5,79,30,112,150,26,48,44,31,52,59,24,39,127,87,111,149,15,113,32,142,6,35,36,82,60,50,98,3,1,10,49,14,65,28,144,123,69,56,129,17,95,139,135,86,114,147,101,67,78,19,66,23,126,128,133,134,2,37,40,27,107,21,120,130,99,83,105,43,70,140,58,106,136,74,55,34,72,85,117,45,118,131,12,88,9,81,57,122,80,25,108,33,119,29,94,20,53,75,54,46,96,22,73,93,124,132,11,115,77,51,146,61,68,137,102,8,89,42,91,63,148,41,109,7,143,18,100,92,97,76,16,62,145,71,121,64,104,141,110,90,4,138,125,47
84,38,103,116,5,79,30,112,150,26,48,44,31,52,59,24,39,127,87,111,149,15,113,32,142,6,35,36,82,60,50,98,3,1,10,49,14,65,28,144,123,69,56,129,17,95,139,135,86,114,147,101,67,78,19,66,23,126,128,133,134,2,37,40,27,107,21,120,130,99,83,105,43,70,140,58,106,136,74,55,34,72,85,117,45,118,131,12,88,9,81,57,122,80,25,108,33,119,29,94,20,53,75,54,46,96,22,73,93,124,132,11,115,77,51,146,61,68,137,102,8,89,42,91,63,148,41,109,7,143,18,100,92,97,76,16,62,145,71,121,64,104,141,110,90,4,138,125,47,13
38,103,116,5,79,30,112,150,26,48,44,31,52,59,24,39,127,87,111,149,15,113,32,142,6,35,36,82,60,50,98,3,1,10,49,14,65,28,144,123,69,56,129,17,95,139,135,86,114,147,101,67,78,19,66,23,126,128,133,134,2,37,40,27,107,21,120,130,99,83,105,43,70,140,58,106,136,74,55,34,72,85,117,45,118,131,12,88,9,81,57,122,80,25,108,33,119,29,94,20,53,75,54,46,96,22,73,93,124,132,11,115,77,51,146,61,68,137,102,8,89,42,91,63,148,41,109,7,143,18,100,92,97,76,16,62,145,71,121,64,104,141,110,90,4,138,125,47,13,84
103,116,5,79,30,112,150,26,48,44,31,52,59,24,39,127,87,111,149,15,113,32,142,6,35,36,82,60,50,98,3,1,10,49,14,65,28,144,123,69,56,129,17,95,139,135,86,114,147,101,67,78,19,66,23,126,128,133,134,2,37,40,27,107,21,120,130,99,83,105,43,70,140,58,106,136,74,55,34,72,85,117,45,118,131,12,88,9,81,57,122,80,25,108,33,119,29,94,20,53,75,54,46,96,22,73,93,124,132,11,115,77,51,146,61,68,137,102,8,89,42,91,63,148,41,109,7,143,18,100,92,97,76,16,62,145,71,121,64,104,141,110,90,4,138,125,47,13,84,38
116,5,79,30,112,150,26,48,44,31,52,59,24,39,127,87,111,149,15,113,32,142,6,35,36,82,60,50,98,3,1,10,49,14,65,28,144,123,69,56,129,17,95,139,135,86,114,147,101,67,78,19,66,23,126,128,133,134,2,37,40,27,107,21,120,130,99,83,105,43,70,140,58,106,136,74,55,34,72,85,117,45,118,131,12,88,9,81,57,122,80,25,108,33,119,29,94,20,53,75,54,46,96,22,73,93,124,132,11,115,77,51,146,61,68,137,102,8,89,42,91,63,148,41,109,7,143,18,100,92,97,76,16,62,145,71,121,64,104,141,110,90,4,138,125,47,13,84,38,103
5,79,30,112,150,26,48,44,31,52,59,24,39,127,87,111,149,15,113,32,142,6,35,36,82,60,50,98,3,1,10,49,14,65,28,144,123,69,56,129,17,95,139,135,86,114,147,101,67,78,19,66,23,126,128,133,134,2,37,40,27,107,21,120,130,99,83,105,43,70,140,58,106,136,74,55,34,72,85,117,45,118,131,12,88,9,81,57,122,80,25,108,33,119,29,94,20,53,75,54,46,96,22,73,93,124,132,11,115,77,51,146,61,68,137,102,8,89,42,91,63,148,41,109,7,143,18,100,92,97,76,16,62,145,71,121,64,104,141,110,90,4,138,125,47,13,84,38,103,116
79,30,112,150,26,48,44,31,52,59,24,39,127,87,111,149,15,113,32,142,6,35,36,82,60,50,98,3,1,10,49,14,65,28,144,123,69,56,129,17,95,139,135,86,114,147,101,67,78,19,66,23,126,128,133,134,2,37,40,27,107,21,120,130,99,83,105,43,70,140,58,106,136,74,55,34,72,85,117,45,118,131,12,88,9,81,57,122,80,25,108,33,119,29,94,20,53,75,54,46,96,22,73,93,124,132,11,115,77,51,146,61,68,137,102,8,89,42,91,63,148,41,109,7,143,18,100,92,97,76,16,62,145,71,121,64,104,141,110,90,4,138,125,47,13,84,38,103,116,5
30,112,150,26,48,44,31,52,59,24,39,127,87,111,149,15,113,32,142,6,35,36,82,60,50,98,3,1,10,49,14,65,28,144,123,69,56,129,17,95,139,135,86,114,147,101,67,78,19,66,23,126,128,133,134,2,37,40,27,107,21,120,130,99,83,105,43,70,140,58,106,136,74,55,34,72,85,117,45,118,131,12,88,9,81,57,122,80,25,108,33,119,29,94,20,53,75,54,46,96,22,73,93,124,132,11,115,77,51,146,61,68,137,102,8,89,42,91,63,148,41,109,7,143,18,100,92,97,76,16,62,145,71,121,64,104,141,110,90,4,138,125,47,13,84,38,103,116,5,79
112,150,26,48,44,31,52,59,24,39,127,87,111,149,15,113,32,142,6,35,36,82,60,50,98,3,1,10,49,14,65,28,144,123,69,56,129,17,95,139,135,86,114,147,101,67,78,19,66,23,126,128,133,134,2,37,40,27,107,21,120,130,99,83,105,43,70,140,58,106,136,74,55,34,72,85,117,45,118,131,12,88,9,81,57,122,80,25,108,33,119,29,94,20,53,75,54,46,96,22,73,93,124,132,11,115,77,51,146,61,68,137,102,8,89,42,91,63,148,41,109,7,143,18,100,92,97,76,16,62,145,71,121,64,104,141,110,90,4,138,125,47,13,84,38,103,116,5,79,30
150,26,48,44,31,52,59,24,39,127,87,111,149,15,113,32,142,6,35,36,82,60,50,98,3,1,10,49,14,65,28,144,123,69,56,129,17,95,139,135,86,114,147,101,67,78,19,66,23,126,128,133,134,2,37,40,27,107,21,120,130,99,83,105,43,70,140,58,106,136,74,55,34,72,85,117,45,118,131,12,88,9,81,57,122,80,25,108,33,119,29,94,20,53,75,54,46,96,22,73,93,124,132,11,115,77,51,146,61,68,137,102,8,89,42,91,63,148,41,109,7,143,18,100,92,97,76,16,62,145,71,121,64,104,141,110,90,4,138,125,47,13,84,38,103,116,5,79,30,112
26,48,44,31,52,59,24,39,127,87,111,149,15,113,32,142,6,35,36,82,60,50,98,3,1,10,49,14,65,28,144,123,69,56,129,17,95,139,135,86,114,147,101,67,78,19,66,23,126,128,133,134,2,37,40,27,107,21,120,130,99,83,105,43,70,140,58,106,136,74,55,34,72,85,117,45,118,131,12,88,9,81,57,122,80,25,108,33,119,29,94,20,53,75,54,46,96,22,73,93,124,132,11,115,77,51,146,61,68,137,102,8,89,42,91,63,148,41,109,7,143,18,100,92,97,76,16,62,145,71,121,64,104,141,110,90,4,138,125,47,13,84,38,103,116,5,79,30,112,150
48,44,31,52,59,24,39,127,87,111,149,15,113,32,142,6,35,36,82,60,50,98,3,1,10,49,14,65,28,144,123,69,56,129,17,95,139,135,86,114,147,101,67,78,19,66,23,126,128,133,134,2,37,40,27,107,21,120,130,99,83,105,43,70,140,58,106,136,74,55,34,72,85,117,45,118,131,12,88,9,81,57,122,80,25,108,33,119,29,94,20,53,75,54,46,96,22,73,93,124,132,11,115,77,51,146,61,68,137,102,8,89,42,91,63,148,41,109,7,143,18,100,92,97,76,16,62,145,71,121,64,104,141,110,90,4,138,125,47,13,84,38,103,116,5,79,30,112,150,26
44,31,52,59,24,39,127,87,111,149,15,113,32,142,6,35,36,82,60,50,98,3,1,10,49,14,65,28,144,123,69,56,129,17,95,139,135,86,114,147,101,67,78,19,66,23,126,128,133,134,2,37,40,27,107,21,120,130,99,83,105,43,70,140,58,106,136,74,55,34,72,85,117,45,118,131,12,88,9,81,57,122,80,25,108,33,119,29,94,20,53,75,54,46,96,22,73,93,124,132,11,115,77,51,146,61,68,137,102,8,89,42,91,63,148,41,109,7,143,18,100,92,97,76,16,62,145,71,121,64,104,141,110,90,4,138,125,47,13,84,38,103,116,5,79,30,112,150,26,48
31,52,59,24,39,127,87,111,149,15,113,32,142,6,35,36,82,60,50,98,3,1,10,49,14,65,28,144,123,69,56,129,17,95,139,135,86,114,147,101,67,78,19,66,23,126,128,133,134,2,37,40,27,107,21,120,130,99,83,105,43,70,140,58,106,136,74,55,34,72,85,117,45,118,131,12,88,9,81,57,122,80,25,108,33,119,29,94,20,53,75,54,46,96,22,73,93,124,132,11,115,77,51,146,61,68,137,102,8,89,42,91,63,148,41,109,7,143,18,100,92,97,76,16,62,145,71,121,64,104,141,110,90,4,138,125,47,13,84,38,103,116,5,79,30,112,150,26,48,44
52,59,24,39,127,87,111,149,15,113,32,142,6,35,36,82,60,50,98,3,1,10,49,14,65,28,144,123,69,56,129,17,95,139,135,86,114,147,101,67,78,19,66,23,126,128,133,134,2,37,40,27,107,21,120,130,99,83,105,43,70,140,58,106,136,74,55,34,72,85,117,45,118,131,12,88,9,81,57,122,80,25,108,33,119,29,94,20,53,75,54,46,96,22,73,93,124,132,11,115,77,51,146,61,68,137,102,8,89,42,91,63,148,41,109,7,143,18,100,92,97,76,16,62,145,71,121,64,104,141,110,90,4,138,125,47,13,84,38,103,116,5,79,30,112,150,26,48,44,31
59,24,39,127,87,111,149,15,113,32,142,6,35,36,82,60,50,98,3,1,10,49,14,65,28,144,123,69,56,129,17,95,139,135,86,114,147,101,67,78,19,66,23,126,128,133,134,2,37,40,27,107,21,120,130,99,83,105,43,70,140,58,106,136,74,55,34,72,85,117,45,118,131,12,88,9,81,57,122,80,25,108,33,119,29,94,20,53,75,54,46,96,22,73,93,124,132,11,115,77,51,146,61,68,137,102,8,89,42,91,63,148,41,109,7,143,18,100,92,97,76,16,62,145,71,121,64,104,141,110,90,4,138,125,47,13,84,38,103,116,5,79,30,112,150,26,48,44,31,52
24,39,127,87,111,149,15,113,32,142,6,35,36,82,60,50,98,3,1,10,49,14,65,28,144,123,69,56,129,17,95,139,135,86,114,147,101,67,78,19,66,23,126,128,133,134,2,37,40,27,107,21,120,130,99,83,105,43,70,140,58,106,136,74,55,34,72,85,117,45,118,131,12,88,9,81,57,122,80,25,108,33,119,29,94,20,53,75,54,46,96,22,73,93,124,132,11,115,77,51,146,61,68,137,102,8,89,42,91,63,148,41,109,7,143,18,100,92,97,76,16,62,145,71,121,64,104,141,110,90,4,138,125,47,13,84,38,103,116,5,79,30,112,150,26,48,44,31,52,59
39,127,87,111,149,15,113,32,142,6,35,36,82,60,50,98,3,1,10,49,14,65,28,144,123,69,56,129,17,95,139,135,86,114,147,101,67,78,19,66,23,126,128,133,134,2,37,40,27,107,21,120,130,99,83,105,43,70,140,58,106,136,74,55,34,72,85,117,45,118,131,12,88,9,81,57,122,80,25,108,33,119,29,94,20,53,75,54,46,96,22,73,93,124,132,11,115,77,51,146,61,68,137,102,8,89,42,91,63,148,41,109,7,143,18,100,92,97,76,16,62,145,71,121,64,104,141,110,90,4,138,125,47,13,84,38,103,116,5,79,30,112,150,26,48,44,31,52,59,24
127,87,111,149,15,113,32,142,6,35,36,82,60,50,98,3,1,10,49,14,65,28,144,123,69,56,129,17,95,139,135,86,114,147,101,67,78,19,66,23,126,128,133,134,2,37,40,27,107,21,120,130,99,83,105,43,70,140,58,106,136,74,55,34,72,85,117,45,118,131,12,88,9,81,57,122,80,25,108,33,119,29,94,20,53,75,54,46,96,22,73,93,124,132,11,115,77,51,146,61,68,137,102,8,89,42,91,63,148,41,109,7,143,18,100,92,97,76,16,62,145,71,121,64,104,141,110,90,4,138,125,47,13,84,38,103,116,5,79,30,112,150,26,48,44,31,52,59,24,39
87,111,149,15,113,32,142,6,35,36,82,60,50,98,3,1,10,49,14,65,28,144,123,69,56,129,17,95,139,135,86,114,147,101,67,78,19,66,23,126,128,133,134,2,37,40,27,107,21,120,130,99,83,105,43,70,140,58,106,136,74,55,34,72,85,117,45,118,131,12,88,9,81,57,122,80,25,108,33,119,29,94,20,53,75,54,46,96,22,73,93,124,132,11,115,77,51,146,61,68,137,102,8,89,42,91,63,148,41,109,7,143,18,100,92,97,76,16,62,145,71,121,64,104,141,110,90,4,138,125,47,13,84,38,103,116,5,79,30,112,150,26,48,44,31,52,59,24,39,127
111,149,15,113,32,142,6,35,36,82,60,50,98,3,1,10,49,14,65,28,144,123,69,56,129,17,95,139,135,86,114,147,101,67,78,19,66,23,126,128,133,134,2,37,40,27,107,21,120,130,99,83,105,43,70,140,58,106,136,74,55,34,72,85,117,45,118,131,12,88,9,81,57,122,80,25,108,33,119,29,94,20,53,75,54,46,96,22,73,93,124,132,11,115,77,51,146,61,68,137,102,8,89,42,91,63,148,41,109,7,143,18,100,92,97,76,16,62,145,71,121,64,104,141,110,90,4,138,125,47,13,84,38,103,116,5,79,30,112,150,26,48,44,31,52,59,24,39,127,87
149,15,113,32,142,6,35,36,82,60,50,98,3,1,10,49,14,65,28,144,123,69,56,129,17,95,139,135,86,114,147,101,67,78,19,66,23,126,128,133,134,2,37,40,27,107,21,120,130,99,83,105,43,70,140,58,106,136,74,55,34,72,85,117,45,118,131,12,88,9,81,57,122,80,25,108,33,119,29,94,20,53,75,54,46,96,22,73,93,124,132,11,115,77,51,146,61,68,137,102,8,89,42,91,63,148,41,109,7,143,18,100,92,97,76,16,62,145,71,121,64,104,141,110,90,4,138,125,47,13,84,38,103,116,5,79,30,112,150,26,48,44,31,52,59,24,39,127,87,111
15,113,32,142,6,35,36,82,60,50,98,3,1,10,49,14,65,28,144,123,69,56,129,17,95,139,135,86,114,147,101,67,78,19,66,23,126,128,133,134,2,37,40,27,107,21,120,130,99,83,105,43,70,140,58,106,136,74,55,34,72,85,117,45,118,131,12,88,9,81,57,122,80,25,108,33,119,29,94,20,53,75,54,46,96,22,73,93,124,132,11,115,77,51,146,61,68,137,102,8,89,42,91,63,148,41,109,7,143,18,100,92,97,76,16,62,145,71,121,64,104,141,110,90,4,138,125,47,13,84,38,103,116,5,79,30,112,150,26,48,44,31,52,59,24,39,127,87,111,149
113,32,142,6,35,36,82,60,50,98,3,1,10,49,14,65,28,144,123,69,56,129,17,95,139,135,86,114,147,101,67,78,19,66,23,126,128,133,134,2,37,40,27,107,21,120,130,99,83,105,43,70,140,58,106,136,74,55,34,72,85,117,45,118,131,12,88,9,81,57,122,80,25,108,33,119,29,94,20,53,75,54,46,96,22,73,93,124,132,11,115,77,51,146,61,68,137,102,8,89,42,91,63,148,41,109,7,143,18,100,92,97,76,16,62,145,71,121,64,104,141,110,90,4,138,125,47,13,84,38,103,116,5,79,30,112,150,26,48,44,31,52,59,24,39,127,87,111,149,15
32,142,6,35,36,82,60,50,98,3,1,10,49,14,65,28,144,123,69,56,129,17,95,139,135,86,114,147,101,67,78,19,66,23,126,128,133,134,2,37,40,27,107,21,120,130,99,83,105,43,70,140,58,106,136,74,55,34,72,85,117,45,118,131,12,88,9,81,57,122,80,25,108,33,119,29,94,20,53,75,54,46,96,22,73,93,124,132,11,115,77,51,146,61,68,137,102,8,89,42,91,63,148,41,109,7,143,18,100,92,97,76,16,62,145,71,121,64,104,141,110,90,4,138,125,47,13,84,38,103,116,5,79,30,112,150,26,48,44,31,52,59,24,39,127,87,111,149,15,113
142,6,35,36,82,60,50,98,3,1,10,49,14,65,28,144,123,69,56,129,17,95,139,135,86,114,147,101,67,78,19,66,23,126,128,133,134,2,37,40,27,107,21,120,130,99,83,105,43,70,140,58,106,136,74,55,34,72,85,117,45,118,131,12,88,9,81,57,122,80,25,108,33,119,29,94,20,53,75,54,46,96,22,73,93,124,132,11,115,77,51,146,61,68,137,102,8,89,42,91,63,148,41,109,7,143,18,100,92,97,76,16,62,145,71,121,64,104,141,110,90,4,138,125,47,13,84,38,103,116,5,79,30,112,150,26,48,44,31,52,59,24,39,127,87,111,149,15,113,32
6,35,36,82,60,50,98,3,1,10,49,14,65,28,144,123,69,56,129,17,95,139,135,86,114,147,101,67,78,19,66,23,126,128,133,134,2,37,40,27,107,21,120,130,99,83,105,43,70,140,58,106,136,74,55,34,72,85,117,45,118,131,12,88,9,81,57,122,80,25,108,33,119,29,94,20,53,75,54,46,96,22,73,93,124,132,11,115,77,51,146,61,68,137,102,8,89,42,91,63,148,41,109,7,143,18,100,92,97,76,16,62,145,71,121,64,104,141,110,90,4,138,125,47,13,84,38,103,116,5,79,30,112,150,26,48,44,31,52,59,24,39,127,87,111,149,15,113,32,142
35,36,82,60,50,98,3,1,10,49,14,65,28,144,123,69,56,129,17,95,139,135,86,114,147,101,67,78,19,66,23,126,128,133,134,2,37,40,27,107,21,120,130,99,83,105,43,70,140,58,106,136,74,55,34,72,85,117,45,118,131,12,88,9,81,57,122,80,25,108,33,119,29,94,20,53,75,54,46,96,22,73,93,124,132,11,115,77,51,146,61,68,137,102,8,89,42,91,63,148,41,109,7,143,18,100,92,97,76,16,62,145,71,121,64,104,141,110,90,4,138,125,47,13,84,38,103,116,5,79,30,112,150,26,48,44,31,52,59,24,39,127,87,111,149,15,113,32,142,6
36,82,60,50,98,3,1,10,49,14,65,28,144,123,69,56,129,17,95,139,135,86,114,147,101,67,78,19,66,23,126,128,133,134,2,37,40,27,107,21,120,130,99,83,105,43,70,140,58,106,136,74,55,34,72,85,117,45,118,131,12,88,9,81,57,122,80,25,108,33,119,29,94,20,53,75,54,46,96,22,73,93,124,132,11,115,77,51,146,61,68,137,102,8,89,42,91,63,148,41,109,7,143,18,100,92,97,76,16,62,145,71,121,64,104,141,110,90,4,138,125,47,13,84,38,103,116,5,79,30,112,150,26,48,44,31,52,59,24,39,127,87,111,149,15,113,32,142,6,35
82,60,50,98,3,1,10,49,14,65,28,144,123,69,56,129,17,95,139,135,86,114,147,101,67,78,19,66,23,126,128,133,134,2,37,40,27,107,21,120,130,99,83,105,43,70,140,58,106,136,74,55,34,72,85,117,45,118,131,12,88,9,81,57,122,80,25,108,33,119,29,94,20,53,75,54,46,96,22,73,93,124,132,11,115,77,51,146,61,68,137,102,8,89,42,91,63,148,41,109,7,143,18,100,92,97,76,16,62,145,71,121,64,104,141,110,90,4,138,125,47,13,84,38,103,116,5,79,30,112,150,26,48,44,31,52,59,24,39,127,87,111,149,15,113,32,142,6,35,36
