138,29,59,115,67,107,109
133,72,34,42,16,117,103
137,146,45,79,40,91,28
116,98,123,4,136,132,113
145,75,148,19,150,114,61
135,99,53,144,149,20,9
26,14,48,88,139,71,131
31,147,1,86,124,108,6
7,82,47,11,105,128,69
112,36,101,24,77,85,5
22,66,119,78,142,51,3
17,23,140,25,92,81,60
44,62,89,57,32,121,122
13,12,58,127,118,125,65
56,94,35,130,27,87,39
93,50,8,95,15,111,21
68,33,49,37,129,126,134
54,73,41,64,106,2,96
120,97,141,104,38,80,10
83,102,76,18,43,90,52
29,59,115,67,107,109,110
72,34,42,16,117,103,74
146,45,79,40,91,28,63
98,123,4,136,132,113,143
75,148,19,150,114,61,46
99,53,144,149,20,9,100
14,48,88,139,71,131,84
147,1,86,124,108,6,55
82,47,11,105,128,69,70
36,101,24,77,85,5,30
66,119,78,142,51,3,138
23,140,25,92,81,60,133
62,89,57,32,121,122,137
12,58,127,118,125,65,116
94,35,130,27,87,39,145
50,8,95,15,111,21,135
33,49,37,129,126,134,26
73,41,64,106,2,96,31
97,141,104,38,80,10,7
102,76,18,43,90,52,112
59,115,67,107,109,110,22
34,42,16,117,103,74,17
45,79,40,91,28,63,44
123,4,136,132,113,143,13
148,19,150,114,61,46,56
53,144,149,20,9,100,93
48,88,139,71,131,84,68
1,86,124,108,6,55,54
47,11,105,128,69,70,120
101,24,77,85,5,30,83
119,78,142,51,3,138,29
140,25,92,81,60,133,72
89,57,32,121,122,137,146
58,127,118,125,65,116,98
35,130,27,87,39,145,75
8,95,15,111,21,135,99
49,37,129,126,134,26,14
41,64,106,2,96,31,147
141,104,38,80,10,7,82
76,18,43,90,52,112,36
115,67,107,109,110,22,66
42,16,117,103,74,17,23
79,40,91,28,63,44,62
4,136,132,113,143,13,12
19,150,114,61,46,56,94
144,149,20,9,100,93,50
88,139,71,131,84,68,33
86,124,108,6,55,54,73
11,105,128,69,70,120,97
24,77,85,5,30,83,102
78,142,51,3,138,29,59
25,92,81,60,133,72,34
57,32,121,122,137,146,45
127,118,125,65,116,98,123
130,27,87,39,145,75,148
95,15,111,21,135,99,53
37,129,126,134,26,14,48
64,106,2,96,31,147,1
104,38,80,10,7,82,47
18,43,90,52,112,36,101
67,107,109,110,22,66,119
16,117,103,74,17,23,140
40,91,28,63,44,62,89
136,132,113,143,13,12,58
150,114,61,46,56,94,35
149,20,9,100,93,50,8
139,71,131,84,68,33,49
124,108,6,55,54,73,41
105,128,69,70,120,97,141
77,85,5,30,83,102,76
142,51,3,138,29,59,115
92,81,60,133,72,34,42
32,121,122,137,146,45,79
118,125,65,116,98,123,4
27,87,39,145,75,148,19
15,111,21,135,99,53,144
129,126,134,26,14,48,88
106,2,96,31,147,1,86
38,80,10,7,82,47,11
43,90,52,112,36,101,24
107,109,110,22,66,119,78
117,103,74,17,23,140,25
91,28,63,44,62,89,57
132,113,143,13,12,58,127
114,61,46,56,94,35,130
20,9,100,93,50,8,95
71,131,84,68,33,49,37
108,6,55,54,73,41,64
128,69,70,120,97,141,104
85,5,30,83,102,76,18
51,3,138,29,59,115,67
81,60,133,72,34,42,16
121,122,137,146,45,79,40
125,65,116,98,123,4,136
87,39,145,75,148,19,150
111,21,135,99,53,144,149
126,134,26,14,48,88,139
2,96,31,147,1,86,124
80,10,7,82,47,11,105
90,52,112,36,101,24,77
109,110,22,66,119,78,142
103,74,17,23,140,25,92
28,63,44,62,89,57,32
113,143,13,12,58,127,118
61,46,56,94,35,130,27
9,100,93,50,8,95,15
131,84,68,33,49,37,129
6,55,54,73,41,64,106
69,70,120,97,141,104,38
5,30,83,102,76,18,43
