133,96,114,150,84,118,18,13,132,27,38,58,52,122,77,43,135,17,92,82,22,108,20,61,124,66,59,149,81,74
137,136,11,60,32,104,4,8,131,140,34,65,37,67,36,54,134,94,87,51,29,76,86,125,119,90,85,40,53,106
78,23,47,110,46,97,120,88,49,62,121,102,139,128,141,26,129,30,72,25,2,19,109,24,1,64,31,91,105,127
126,3,130,70,145,144,99,100,10,111,148,15,9,143,73,95,5,112,28,63,14,113,12,116,50,41,33,68,57,79
55,71,80,89,93,98,138,21,75,142,6,35,7,69,103,107,83,44,146,115,45,117,16,123,48,39,42,147,101,56
96,114,150,84,118,18,13,132,27,38,58,52,122,77,43,135,17,92,82,22,108,20,61,124,66,59,149,81,74,133
136,11,60,32,104,4,8,131,140,34,65,37,67,36,54,134,94,87,51,29,76,86,125,119,90,85,40,53,106,137
23,47,110,46,97,120,88,49,62,121,102,139,128,141,26,129,30,72,25,2,19,109,24,1,64,31,91,105,127,78
3,130,70,145,144,99,100,10,111,148,15,9,143,73,95,5,112,28,63,14,113,12,116,50,41,33,68,57,79,126
71,80,89,93,98,138,21,75,142,6,35,7,69,103,107,83,44,146,115,45,117,16,123,48,39,42,147,101,56,55
114,150,84,118,18,13,132,27,38,58,52,122,77,43,135,17,92,82,22,108,20,61,124,66,59,149,81,74,133,96
11,60,32,104,4,8,131,140,34,65,37,67,36,54,134,94,87,51,29,76,86,125,119,90,85,40,53,106,137,136
47,110,46,97,120,88,49,62,121,102,139,128,141,26,129,30,72,25,2,19,109,24,1,64,31,91,105,127,78,23
130,70,145,144,99,100,10,111,148,15,9,143,73,95,5,112,28,63,14,113,12,116,50,41,33,68,57,79,126,3
80,89,93,98,138,21,75,142,6,35,7,69,103,107,83,44,146,115,45,117,16,123,48,39,42,147,101,56,55,71
150,84,118,18,13,132,27,38,58,52,122,77,43,135,17,92,82,22,108,20,61,124,66,59,149,81,74,133,96,114
60,32,104,4,8,131,140,34,65,37,67,36,54,134,94,87,51,29,76,86,125,119,90,85,40,53,106,137,136,11
110,46,97,120,88,49,62,121,102,139,128,141,26,129,30,72,25,2,19,109,24,1,64,31,91,105,127,78,23,47
70,145,144,99,100,10,111,148,15,9,143,73,95,5,112,28,63,14,113,12,116,50,41,33,68,57,79,126,3,130
89,93,98,138,21,75,142,6,35,7,69,103,107,83,44,146,115,45,117,16,123,48,39,42,147,101,56,55,71,80
84,118,18,13,132,27,38,58,52,122,77,43,135,17,92,82,22,108,20,61,124,66,59,149,81,74,133,96,114,150
32,104,4,8,131,140,34,65,37,67,36,54,134,94,87,51,29,76,86,125,119,90,85,40,53,106,137,136,11,60
46,97,120,88,49,62,121,102,139,128,141,26,129,30,72,25,2,19,109,24,1,64,31,91,105,127,78,23,47,110
145,144,99,100,10,111,148,15,9,143,73,95,5,112,28,63,14,113,12,116,50,41,33,68,57,79,126,3,130,70
93,98,138,21,75,142,6,35,7,69,103,107,83,44,146,115,45,117,16,123,48,39,42,147,101,56,55,71,80,89
118,18,13,132,27,38,58,52,122,77,43,135,17,92,82,22,108,20,61,124,66,59,149,81,74,133,96,114,150,84
104,4,8,131,140,34,65,37,67,36,54,134,94,87,51,29,76,86,125,119,90,85,40,53,106,137,136,11,60,32
97,120,88,49,62,121,102,139,128,141,26,129,30,72,25,2,19,109,24,1,64,31,91,105,127,78,23,47,110,46
144,99,100,10,111,148,15,9,143,73,95,5,112,28,63,14,113,12,116,50,41,33,68,57,79,126,3,130,70,145
98,138,21,75,142,6,35,7,69,103,107,83,44,146,115,45,117,16,123,48,39,42,147,101,56,55,71,80,89,93
18,13,132,27,38,58,52,122,77,43,135,17,92,82,22,108,20,61,124,66,59,149,81,74,133,96,114,150,84,118
4,8,131,140,34,65,37,67,36,54,134,94,87,51,29,76,86,125,119,90,85,40,53,106,137,136,11,60,32,104
120,88,49,62,121,102,139,128,141,26,129,30,72,25,2,19,109,24,1,64,31,91,105,127,78,23,47,110,46,97
99,100,10,111,148,15,9,143,73,95,5,112,28,63,14,113,12,116,50,41,33,68,57,79,126,3,130,70,145,144
138,21,75,142,6,35,7,69,103,107,83,44,146,115,45,117,16,123,48,39,42,147,101,56,55,71,80,89,93,98
13,132,27,38,58,52,122,77,43,135,17,92,82,22,108,20,61,124,66,59,149,81,74,133,96,114,150,84,118,18
8,131,140,34,65,37,67,36,54,134,94,87,51,29,76,86,125,119,90,85,40,53,106,137,136,11,60,32,104,4
88,49,62,121,102,139,128,141,26,129,30,72,25,2,19,109,24,1,64,31,91,105,127,78,23,47,110,46,97,120
100,10,111,148,15,9,143,73,95,5,112,28,63,14,113,12,116,50,41,33,68,57,79,126,3,130,70,145,144,99
21,75,142,6,35,7,69,103,107,83,44,146,115,45,117,16,123,48,39,42,147,101,56,55,71,80,89,93,98,138
132,27,38,58,52,122,77,43,135,17,92,82,22,108,20,61,124,66,59,149,81,74,133,96,114,150,84,118,18,13
131,140,34,65,37,67,36,54,134,94,87,51,29,76,86,125,119,90,85,40,53,106,137,136,11,60,32,104,4,8
49,62,121,102,139,128,141,26,129,30,72,25,2,19,109,24,1,64,31,91,105,127,78,23,47,110,46,97,120,88
10,111,148,15,9,143,73,95,5,112,28,63,14,113,12,116,50,41,33,68,57,79,126,3,130,70,145,144,99,100
75,142,6,35,7,69,103,107,83,44,146,115,45,117,16,123,48,39,42,147,101,56,55,71,80,89,93,98,138,21
27,38,58,52,122,77,43,135,17,92,82,22,108,20,61,124,66,59,149,81,74,133,96,114,150,84,118,18,13,132
140,34,65,37,67,36,54,134,94,87,51,29,76,86,125,119,90,85,40,53,106,137,136,11,60,32,104,4,8,131
62,121,102,139,128,141,26,129,30,72,25,2,19,109,24,1,64,31,91,105,127,78,23,47,110,46,97,120,88,49
111,148,15,9,143,73,95,5,112,28,63,14,113,12,116,50,41,33,68,57,79,126,3,130,70,145,144,99,100,10
142,6,35,7,69,103,107,83,44,146,115,45,117,16,123,48,39,42,147,101,56,55,71,80,89,93,98,138,21,75
38,58,52,122,77,43,135,17,92,82,22,108,20,61,124,66,59,149,81,74,133,96,114,150,84,118,18,13,132,27
34,65,37,67,36,54,134,94,87,51,29,76,86,125,119,90,85,40,53,106,137,136,11,60,32,104,4,8,131,140
121,102,139,128,141,26,129,30,72,25,2,19,109,24,1,64,31,91,105,127,78,23,47,110,46,97,120,88,49,62
148,15,9,143,73,95,5,112,28,63,14,113,12,116,50,41,33,68,57,79,126,3,130,70,145,144,99,100,10,111
6,35,7,69,103,107,83,44,146,115,45,117,16,123,48,39,42,147,101,56,55,71,80,89,93,98,138,21,75,142
58,52,122,77,43,135,17,92,82,22,108,20,61,124,66,59,149,81,74,133,96,114,150,84,118,18,13,132,27,38
65,37,67,36,54,134,94,87,51,29,76,86,125,119,90,85,40,53,106,137,136,11,60,32,104,4,8,131,140,34
102,139,128,141,26,129,30,72,25,2,19,109,24,1,64,31,91,105,127,78,23,47,110,46,97,120,88,49,62,121
15,9,143,73,95,5,112,28,63,14,113,12,116,50,41,33,68,57,79,126,3,130,70,145,144,99,100,10,111,148
35,7,69,103,107,83,44,146,115,45,117,16,123,48,39,42,147,101,56,55,71,80,89,93,98,138,21,75,142,6
52,122,77,43,135,17,92,82,22,108,20,61,124,66,59,149,81,74,133,96,114,150,84,118,18,13,132,27,38,58
37,67,36,54,134,94,87,51,29,76,86,125,119,90,85,40,53,106,137,136,11,60,32,104,4,8,131,140,34,65
139,128,141,26,129,30,72,25,2,19,109,24,1,64,31,91,105,127,78,23,47,110,46,97,120,88,49,62,121,102
9,143,73,95,5,112,28,63,14,113,12,116,50,41,33,68,57,79,126,3,130,70,145,144,99,100,10,111,148,15
7,69,103,107,83,44,146,115,45,117,16,123,48,39,42,147,101,56,55,71,80,89,93,98,138,21,75,142,6,35
122,77,43,135,17,92,82,22,108,20,61,124,66,59,149,81,74,133,96,114,150,84,118,18,13,132,27,38,58,52
67,36,54,134,94,87,51,29,76,86,125,119,90,85,40,53,106,137,136,11,60,32,104,4,8,131,140,34,65,37
128,141,26,129,30,72,25,2,19,109,24,1,64,31,91,105,127,78,23,47,110,46,97,120,88,49,62,121,102,139
143,73,95,5,112,28,63,14,113,12,116,50,41,33,68,57,79,126,3,130,70,145,144,99,100,10,111,148,15,9
69,103,107,83,44,146,115,45,117,16,123,48,39,42,147,101,56,55,71,80,89,93,98,138,21,75,142,6,35,7
77,43,135,17,92,82,22,108,20,61,124,66,59,149,81,74,133,96,114,150,84,118,18,13,132,27,38,58,52,122
36,54,134,94,87,51,29,76,86,125,119,90,85,40,53,106,137,136,11,60,32,104,4,8,131,140,34,65,37,67
141,26,129,30,72,25,2,19,109,24,1,64,31,91,105,127,78,23,47,110,46,97,120,88,49,62,121,102,139,128
73,95,5,112,28,63,14,113,12,116,50,41,33,68,57,79,126,3,130,70,145,144,99,100,10,111,148,15,9,143
103,107,83,44,146,115,45,117,16,123,48,39,42,147,101,56,55,71,80,89,93,98,138,21,75,142,6,35,7,69
43,135,17,92,82,22,108,20,61,124,66,59,149,81,74,133,96,114,150,84,118,18,13,132,27,38,58,52,122,77
54,134,94,87,51,29,76,86,125,119,90,85,40,53,106,137,136,11,60,32,104,4,8,131,140,34,65,37,67,36
26,129,30,72,25,2,19,109,24,1,64,31,91,105,127,78,23,47,110,46,97,120,88,49,62,121,102,139,128,141
95,5,112,28,63,14,113,12,116,50,41,33,68,57,79,126,3,130,70,145,144,99,100,10,111,148,15,9,143,73
107,83,44,146,115,45,117,16,123,48,39,42,147,101,56,55,71,80,89,93,98,138,21,75,142,6,35,7,69,103
135,17,92,82,22,108,20,61,124,66,59,149,81,74,133,96,114,150,84,118,18,13,132,27,38,58,52,122,77,43
134,94,87,51,29,76,86,125,119,90,85,40,53,106,137,136,11,60,32,104,4,8,131,140,34,65,37,67,36,54
129,30,72,25,2,19,109,24,1,64,31,91,105,127,78,23,47,110,46,97,120,88,49,62,121,102,139,128,141,26
5,112,28,63,14,113,12,116,50,41,33,68,57,79,126,3,130,70,145,144,99,100,10,111,148,15,9,143,73,95
83,44,146,115,45,117,16,123,48,39,42,147,101,56,55,71,80,89,93,98,138,21,75,142,6,35,7,69,103,107
17,92,82,22,108,20,61,124,66,59,149,81,74,133,96,114,150,84,118,18,13,132,27,38,58,52,122,77,43,135
94,87,51,29,76,86,125,119,90,85,40,53,106,137,136,11,60,32,104,4,8,131,140,34,65,37,67,36,54,134
30,72,25,2,19,109,24,1,64,31,91,105,127,78,23,47,110,46,97,120,88,49,62,121,102,139,128,141,26,129
112,28,63,14,113,12,116,50,41,33,68,57,79,126,3,130,70,145,144,99,100,10,111,148,15,9,143,73,95,5
44,146,115,45,117,16,123,48,39,42,147,101,56,55,71,80,89,93,98,138,21,75,142,6,35,7,69,103,107,83
92,82,22,108,20,61,124,66,59,149,81,74,133,96,114,150,84,118,18,13,132,27,38,58,52,122,77,43,135,17
87,51,29,76,86,125,119,90,85,40,53,106,137,136,11,60,32,104,4,8,131,140,34,65,37,67,36,54,134,94
72,25,2,19,109,24,1,64,31,91,105,127,78,23,47,110,46,97,120,88,49,62,121,102,139,128,141,26,129,30
28,63,14,113,12,116,50,41,33,68,57,79,126,3,130,70,145,144,99,100,10,111,148,15,9,143,73,95,5,112
146,115,45,117,16,123,48,39,42,147,101,56,55,71,80,89,93,98,138,21,75,142,6,35,7,69,103,107,83,44
82,22,108,20,61,124,66,59,149,81,74,133,96,114,150,84,118,18,13,132,27,38,58,52,122,77,43,135,17,92
51,29,76,86,125,119,90,85,40,53,106,137,136,11,60,32,104,4,8,131,140,34,65,37,67,36,54,134,94,87
25,2,19,109,24,1,64,31,91,105,127,78,23,47,110,46,97,120,88,49,62,121,102,139,128,141,26,129,30,72
63,14,113,12,116,50,41,33,68,57,79,126,3,130,70,145,144,99,100,10,111,148,15,9,143,73,95,5,112,28
115,45,117,16,123,48,39,42,147,101,56,55,71,80,89,93,98,138,21,75,142,6,35,7,69,103,107,83,44,146
22,108,20,61,124,66,59,149,81,74,133,96,114,150,84,118,18,13,132,27,38,58,52,122,77,43,135,17,92,82
29,76,86,125,119,90,85,40,53,106,137,136,11,60,32,104,4,8,131,140,34,65,37,67,36,54,134,94,87,51
2,19,109,24,1,64,31,91,105,127,78,23,47,110,46,97,120,88,49,62,121,102,139,128,141,26,129,30,72,25
14,113,12,116,50,41,33,68,57,79,126,3,130,70,145,144,99,100,10,111,148,15,9,143,73,95,5,112,28,63
45,117,16,123,48,39,42,147,101,56,55,71,80,89,93,98,138,21,75,142,6,35,7,69,103,107,83,44,146,115
108,20,61,124,66,59,149,81,74,133,96,114,150,84,118,18,13,132,27,38,58,52,122,77,43,135,17,92,82,22
76,86,125,119,90,85,40,53,106,137,136,11,60,32,104,4,8,131,140,34,65,37,67,36,54,134,94,87,51,29
19,109,24,1,64,31,91,105,127,78,23,47,110,46,97,120,88,49,62,121,102,139,128,141,26,129,30,72,25,2
113,12,116,50,41,33,68,57,79,126,3,130,70,145,144,99,100,10,111,148,15,9,143,73,95,5,112,28,63,14
117,16,123,48,39,42,147,101,56,55,71,80,89,93,98,138,21,75,142,6,35,7,69,103,107,83,44,146,115,45
20,61,124,66,59,149,81,74,133,96,114,150,84,118,18,13,132,27,38,58,52,122,77,43,135,17,92,82,22,108
86,125,119,90,85,40,53,106,137,136,11,60,32,104,4,8,131,140,34,65,37,67,36,54,134,94,87,51,29,76
109,24,1,64,31,91,105,127,78,23,47,110,46,97,120,88,49,62,121,102,139,128,141,26,129,30,72,25,2,19
12,116,50,41,33,68,57,79,126,3,130,70,145,144,99,100,10,111,148,15,9,143,73,95,5,112,28,63,14,113
16,123,48,39,42,147,101,56,55,71,80,89,93,98,138,21,75,142,6,35,7,69,103,107,83,44,146,115,45,117
61,124,66,59,149,81,74,133,96,114,150,84,118,18,13,132,27,38,58,52,122,77,43,135,17,92,82,22,108,20
125,119,90,85,40,53,106,137,136,11,60,32,104,4,8,131,140,34,65,37,67,36,54,134,94,87,51,29,76,86
24,1,64,31,91,105,127,78,23,47,110,46,97,120,88,49,62,121,102,139,128,141,26,129,30,72,25,2,19,109
116,50,41,33,68,57,79,126,3,130,70,145,144,99,100,10,111,148,15,9,143,73,95,5,112,28,63,14,113,12
123,48,39,42,147,101,56,55,71,80,89,93,98,138,21,75,142,6,35,7,69,103,107,83,44,146,115,45,117,16
124,66,59,149,81,74,133,96,114,150,84,118,18,13,132,27,38,58,52,122,77,43,135,17,92,82,22,108,20,61
119,90,85,40,53,106,137,136,11,60,32,104,4,8,131,140,34,65,37,67,36,54,134,94,87,51,29,76,86,125
1,64,31,91,105,127,78,23,47,110,46,97,120,88,49,62,121,102,139,128,141,26,129,30,72,25,2,19,109,24
50,41,33,68,57,79,126,3,130,70,145,144,99,100,10,111,148,15,9,143,73,95,5,112,28,63,14,113,12,116
48,39,42,147,101,56,55,71,80,89,93,98,138,21,75,142,6,35,7,69,103,107,83,44,146,115,45,117,16,123
66,59,149,81,74,133,96,114,150,84,118,18,13,132,27,38,58,52,122,77,43,135,17,92,82,22,108,20,61,124
90,85,40,53,106,137,136,11,60,32,104,4,8,131,140,34,65,37,67,36,54,134,94,87,51,29,76,86,125,119
64,31,91,105,127,78,23,47,110,46,97,120,88,49,62,121,102,139,128,141,26,129,30,72,25,2,19,109,24,1
41,33,68,57,79,126,3,130,70,145,144,99,100,10,111,148,15,9,143,73,95,5,112,28,63,14,113,12,116,50
39,42,147,101,56,55,71,80,89,93,98,138,21,75,142,6,35,7,69,103,107,83,44,146,115,45,117,16,123,48
59,149,81,74,133,96,114,150,84,118,18,13,132,27,38,58,52,122,77,43,135,17,92,82,22,108,20,61,124,66
85,40,53,106,137,136,11,60,32,104,4,8,131,140,34,65,37,67,36,54,134,94,87,51,29,76,86,125,119,90
31,91,105,127,78,23,47,110,46,97,120,88,49,62,121,102,139,128,141,26,129,30,72,25,2,19,109,24,1,64
33,68,57,79,126,3,130,70,145,144,99,100,10,111,148,15,9,143,73,95,5,112,28,63,14,113,12,116,50,41
42,147,101,56,55,71,80,89,93,98,138,21,75,142,6,35,7,69,103,107,83,44,146,115,45,117,16,123,48,39
149,81,74,133,96,114,150,84,118,18,13,132,27,38,58,52,122,77,43,135,17,92,82,22,108,20,61,124,66,59
40,53,106,137,136,11,60,32,104,4,8,131,140,34,65,37,67,36,54,134,94,87,51,29,76,86,125,119,90,85
91,105,127,78,23,47,110,46,97,120,88,49,62,121,102,139,128,141,26,129,30,72,25,2,19,109,24,1,64,31
68,57,79,126,3,130,70,145,144,99,100,10,111,148,15,9,143,73,95,5,112,28,63,14,113,12,116,50,41,33
147,101,56,55,71,80,89,93,98,138,21,75,142,6,35,7,69,103,107,83,44,146,115,45,117,16,123,48,39,42
81,74,133,96,114,150,84,118,18,13,132,27,38,58,52,122,77,43,135,17,92,82,22,108,20,61,124,66,59,149
53,106,137,136,11,60,32,104,4,8,131,140,34,65,37,67,36,54,134,94,87,51,29,76,86,125,119,90,85,40
105,127,78,23,47,110,46,97,120,88,49,62,121,102,139,128,141,26,129,30,72,25,2,19,109,24,1,64,31,91
57,79,126,3,130,70,145,144,99,100,10,111,148,15,9,143,73,95,5,112,28,63,14,113,12,116,50,41,33,68
101,56,55,71,80,89,93,98,138,21,75,142,6,35,7,69,103,107,83,44,146,115,45,117,16,123,48,39,42,147
