90,148,100,18,30,10,3,84,144,44,75,5,79,1,37,11,67,116,130,76,99,83,111,23,82,52,48,106,94,145,12,113,31,143,122,72,54,70,127,135,108,103,97,150,8,117,136,42,80,17,4,27,19,138,141,14,126,15,112,58,109,66,22,129,32,133,29,6,61,73,55,45,65,41,71,34,134,7,28,120,68,51,131,16,96,125,13,25,91,81,93,132,62,105,64,59,69,86,98,92,123,26,118,121,33,35,40,77,115,137,128,39,36,46,119,2,20,87,43,60,107,140,89,114,53,139,78,101,149,110,56,88,85,124,57,50,21,146,74,47,38,142,147,9,24,49,102,95,104,63
148,100,18,30,10,3,84,144,44,75,5,79,1,37,11,67,116,130,76,99,83,111,23,82,52,48,106,94,145,12,113,31,143,122,72,54,70,127,135,108,103,97,150,8,117,136,42,80,17,4,27,19,138,141,14,126,15,112,58,109,66,22,129,32,133,29,6,61,73,55,45,65,41,71,34,134,7,28,120,68,51,131,16,96,125,13,25,91,81,93,132,62,105,64,59,69,86,98,92,123,26,118,121,33,35,40,77,115,137,128,39,36,46,119,2,20,87,43,60,107,140,89,114,53,139,78,101,149,110,56,88,85,124,57,50,21,146,74,47,38,142,147,9,24,49,102,95,104,63,90
100,18,30,10,3,84,144,44,75,5,79,1,37,11,67,116,130,76,99,83,111,23,82,52,48,106,94,145,12,113,31,143,122,72,54,70,127,135,108,103,97,150,8,117,136,42,80,17,4,27,19,138,141,14,126,15,112,58,109,66,22,129,32,133,29,6,61,73,55,45,65,41,71,34,134,7,28,120,68,51,131,16,96,125,13,25,91,81,93,132,62,105,64,59,69,86,98,92,123,26,118,121,33,35,40,77,115,137,128,39,36,46,119,2,20,87,43,60,107,140,89,114,53,139,78,101,149,110,56,88,85,124,57,50,21,146,74,47,38,142,147,9,24,49,102,95,104,63,90,148
18,30,10,3,84,144,44,75,5,79,1,37,11,67,116,130,76,99,83,111,23,82,52,48,106,94,145,12,113,31,143,122,72,54,70,127,135,108,103,97,150,8,117,136,42,80,17,4,27,19,138,141,14,126,15,112,58,109,66,22,129,32,133,29,6,61,73,55,45,65,41,71,34,134,7,28,120,68,51,131,16,96,125,13,25,91,81,93,132,62,105,64,59,69,86,98,92,123,26,118,121,33,35,40,77,115,137,128,39,36,46,119,2,20,87,43,60,107,140,89,114,53,139,78,101,149,110,56,88,85,124,57,50,21,146,74,47,38,142,147,9,24,49,102,95,104,63,90,148,100
30,10,3,84,144,44,75,5,79,1,37,11,67,116,130,76,99,83,111,23,82,52,48,106,94,145,12,113,31,143,122,72,54,70,127,135,108,103,97,150,8,117,136,42,80,17,4,27,19,138,141,14,126,15,112,58,109,66,22,129,32,133,29,6,61,73,55,45,65,41,71,34,134,7,28,120,68,51,131,16,96,125,13,25,91,81,93,132,62,105,64,59,69,86,98,92,123,26,118,121,33,35,40,77,115,137,128,39,36,46,119,2,20,87,43,60,107,140,89,114,53,139,78,101,149,110,56,88,85,124,57,50,21,146,74,47,38,142,147,9,24,49,102,95,104,63,90,148,100,18
10,3,84,144,44,75,5,79,1,37,11,67,116,130,76,99,83,111,23,82,52,48,106,94,145,12,113,31,143,122,72,54,70,127,135,108,103,97,150,8,117,136,42,80,17,4,27,19,138,141,14,126,15,112,58,109,66,22,129,32,133,29,6,61,73,55,45,65,41,71,34,134,7,28,120,68,51,131,16,96,125,13,25,91,81,93,132,62,105,64,59,69,86,98,92,123,26,118,121,33,35,40,77,115,137,128,39,36,46,119,2,20,87,43,60,107,140,89,114,53,139,78,101,149,110,56,88,85,124,57,50,21,146,74,47,38,142,147,9,24,49,102,95,104,63,90,148,100,18,30
3,84,144,44,75,5,79,1,37,11,67,116,130,76,99,83,111,23,82,52,48,106,94,145,12,113,31,143,122,72,54,70,127,135,108,103,97,150,8,117,136,42,80,17,4,27,19,138,141,14,126,15,112,58,109,66,22,129,32,133,29,6,61,73,55,45,65,41,71,34,134,7,28,120,68,51,131,16,96,125,13,25,91,81,93,132,62,105,64,59,69,86,98,92,123,26,118,121,33,35,40,77,115,137,128,39,36,46,119,2,20,87,43,60,107,140,89,114,53,139,78,101,149,110,56,88,85,124,57,50,21,146,74,47,38,142,147,9,24,49,102,95,104,63,90,148,100,18,30,10
84,144,44,75,5,79,1,37,11,67,116,130,76,99,83,111,23,82,52,48,106,94,145,12,113,31,143,122,72,54,70,127,135,108,103,97,150,8,117,136,42,80,17,4,27,19,138,141,14,126,15,112,58,109,66,22,129,32,133,29,6,61,73,55,45,65,41,71,34,134,7,28,120,68,51,131,16,96,125,13,25,91,81,93,132,62,105,64,59,69,86,98,92,123,26,118,121,33,35,40,77,115,137,128,39,36,46,119,2,20,87,43,60,107,140,89,114,53,139,78,101,149,110,56,88,85,124,57,50,21,146,74,47,38,142,147,9,24,49,102,95,104,63,90,148,100,18,30,10,3
144,44,75,5,79,1,37,11,67,116,130,76,99,83,111,23,82,52,48,106,94,145,12,113,31,143,122,72,54,70,127,135,108,103,97,150,8,117,136,42,80,17,4,27,19,138,141,14,126,15,112,58,109,66,22,129,32,133,29,6,61,73,55,45,65,41,71,34,134,7,28,120,68,51,131,16,96,125,13,25,91,81,93,132,62,105,64,59,69,86,98,92,123,26,118,121,33,35,40,77,115,137,128,39,36,46,119,2,20,87,43,60,107,140,89,114,53,139,78,101,149,110,56,88,85,124,57,50,21,146,74,47,38,142,147,9,24,49,102,95,104,63,90,148,100,18,30,10,3,84
44,75,5,79,1,37,11,67,116,130,76,99,83,111,23,82,52,48,106,94,145,12,113,31,143,122,72,54,70,127,135,108,103,97,150,8,117,136,42,80,17,4,27,19,138,141,14,126,15,112,58,109,66,22,129,32,133,29,6,61,73,55,45,65,41,71,34,134,7,28,120,68,51,131,16,96,125,13,25,91,81,93,132,62,105,64,59,69,86,98,92,123,26,118,121,33,35,40,77,115,137,128,39,36,46,119,2,20,87,43,60,107,140,89,114,53,139,78,101,149,110,56,88,85,124,57,50,21,146,74,47,38,142,147,9,24,49,102,95,104,63,90,148,100,18,30,10,3,84,144
75,5,79,1,37,11,67,116,130,76,99,83,111,23,82,52,48,106,94,145,12,113,31,143,122,72,54,70,127,135,108,103,97,150,8,117,136,42,80,17,4,27,19,138,141,14,126,15,112,58,109,66,22,129,32,133,29,6,61,73,55,45,65,41,71,34,134,7,28,120,68,51,131,16,96,125,13,25,91,81,93,132,62,105,64,59,69,86,98,92,123,26,118,121,33,35,40,77,115,137,128,39,36,46,119,2,20,87,43,60,107,140,89,114,53,139,78,101,149,110,56,88,85,124,57,50,21,146,74,47,38,142,147,9,24,49,102,95,104,63,90,148,100,18,30,10,3,84,144,44
5,79,1,37,11,67,116,130,76,99,83,111,23,82,52,48,106,94,145,12,113,31,143,122,72,54,70,127,135,108,103,97,150,8,117,136,42,80,17,4,27,19,138,141,14,126,15,112,58,109,66,22,129,32,133,29,6,61,73,55,45,65,41,71,34,134,7,28,120,68,51,131,16,96,125,13,25,91,81,93,132,62,105,64,59,69,86,98,92,123,26,118,121,33,35,40,77,115,137,128,39,36,46,119,2,20,87,43,60,107,140,89,114,53,139,78,101,149,110,56,88,85,124,57,50,21,146,74,47,38,142,147,9,24,49,102,95,104,63,90,148,100,18,30,10,3,84,144,44,75
79,1,37,11,67,116,130,76,99,83,111,23,82,52,48,106,94,145,12,113,31,143,122,72,54,70,127,135,108,103,97,150,8,117,136,42,80,17,4,27,19,138,141,14,126,15,112,58,109,66,22,129,32,133,29,6,61,73,55,45,65,41,71,34,134,7,28,120,68,51,131,16,96,125,13,25,91,81,93,132,62,105,64,59,69,86,98,92,123,26,118,121,33,35,40,77,115,137,128,39,36,46,119,2,20,87,43,60,107,140,89,114,53,139,78,101,149,110,56,88,85,124,57,50,21,146,74,47,38,142,147,9,24,49,102,95,104,63,90,148,100,18,30,10,3,84,144,44,75,5
1,37,11,67,116,130,76,99,83,111,23,82,52,48,106,94,145,12,113,31,143,122,72,54,70,127,135,108,103,97,150,8,117,136,42,80,17,4,27,19,138,141,14,126,15,112,58,109,66,22,129,32,133,29,6,61,73,55,45,65,41,71,34,134,7,28,120,68,51,131,16,96,125,13,25,91,81,93,132,62,105,64,59,69,86,98,92,123,26,118,121,33,35,40,77,115,137,128,39,36,46,119,2,20,87,43,60,107,140,89,114,53,139,78,101,149,110,56,88,85,124,57,50,21,146,74,47,38,142,147,9,24,49,102,95,104,63,90,148,100,18,30,10,3,84,144,44,75,5,79
37,11,67,116,130,76,99,83,111,23,82,52,48,106,94,145,12,113,31,143,122,72,54,70,127,135,108,103,97,150,8,117,136,42,80,17,4,27,19,138,141,14,126,15,112,58,109,66,22,129,32,133,29,6,61,73,55,45,65,41,71,34,134,7,28,120,68,51,131,16,96,125,13,25,91,81,93,132,62,105,64,59,69,86,98,92,123,26,118,121,33,35,40,77,115,137,128,39,36,46,119,2,20,87,43,60,107,140,89,114,53,139,78,101,149,110,56,88,85,124,57,50,21,146,74,47,38,142,147,9,24,49,102,95,104,63,90,148,100,18,30,10,3,84,144,44,75,5,79,1
11,67,116,130,76,99,83,111,23,82,52,48,106,94,145,12,113,31,143,122,72,54,70,127,135,108,103,97,150,8,117,136,42,80,17,4,27,19,138,141,14,126,15,112,58,109,66,22,129,32,133,29,6,61,73,55,45,65,41,71,34,134,7,28,120,68,51,131,16,96,125,13,25,91,81,93,132,62,105,64,59,69,86,98,92,123,26,118,121,33,35,40,77,115,137,128,39,36,46,119,2,20,87,43,60,107,140,89,114,53,139,78,101,149,110,56,88,85,124,57,50,21,146,74,47,38,142,147,9,24,49,102,95,104,63,90,148,100,18,30,10,3,84,144,44,75,5,79,1,37
67,116,130,76,99,83,111,23,82,52,48,106,94,145,12,113,31,143,122,72,54,70,127,135,108,103,97,150,8,117,136,42,80,17,4,27,19,138,141,14,126,15,112,58,109,66,22,129,32,133,29,6,61,73,55,45,65,41,71,34,134,7,28,120,68,51,131,16,96,125,13,25,91,81,93,132,62,105,64,59,69,86,98,92,123,26,118,121,33,35,40,77,115,137,128,39,36,46,119,2,20,87,43,60,107,140,89,114,53,139,78,101,149,110,56,88,85,124,57,50,21,146,74,47,38,142,147,9,24,49,102,95,104,63,90,148,100,18,30,10,3,84,144,44,75,5,79,1,37,11
116,130,76,99,83,111,23,82,52,48,106,94,145,12,113,31,143,122,72,54,70,127,135,108,103,97,150,8,117,136,42,80,17,4,27,19,138,141,14,126,15,112,58,109,66,22,129,32,133,29,6,61,73,55,45,65,41,71,34,134,7,28,120,68,51,131,16,96,125,13,25,91,81,93,132,62,105,64,59,69,86,98,92,123,26,118,121,33,35,40,77,115,137,128,39,36,46,119,2,20,87,43,60,107,140,89,114,53,139,78,101,149,110,56,88,85,124,57,50,21,146,74,47,38,142,147,9,24,49,102,95,104,63,90,148,100,18,30,10,3,84,144,44,75,5,79,1,37,11,67
130,76,99,83,111,23,82,52,48,106,94,145,12,113,31,143,122,72,54,70,127,135,108,103,97,150,8,117,136,42,80,17,4,27,19,138,141,14,126,15,112,58,109,66,22,129,32,133,29,6,61,73,55,45,65,41,71,34,134,7,28,120,68,51,131,16,96,125,13,25,91,81,93,132,62,105,64,59,69,86,98,92,123,26,118,121,33,35,40,77,115,137,128,39,36,46,119,2,20,87,43,60,107,140,89,114,53,139,78,101,149,110,56,88,85,124,57,50,21,146,74,47,38,142,147,9,24,49,102,95,104,63,90,148,100,18,30,10,3,84,144,44,75,5,79,1,37,11,67,116
76,99,83,111,23,82,52,48,106,94,145,12,113,31,143,122,72,54,70,127,135,108,103,97,150,8,117,136,42,80,17,4,27,19,138,141,14,126,15,112,58,109,66,22,129,32,133,29,6,61,73,55,45,65,41,71,34,134,7,28,120,68,51,131,16,96,125,13,25,91,81,93,132,62,105,64,59,69,86,98,92,123,26,118,121,33,35,40,77,115,137,128,39,36,46,119,2,20,87,43,60,107,140,89,114,53,139,78,101,149,110,56,88,85,124,57,50,21,146,74,47,38,142,147,9,24,49,102,95,104,63,90,148,100,18,30,10,3,84,144,44,75,5,79,1,37,11,67,116,130
99,83,111,23,82,52,48,106,94,145,12,113,31,143,122,72,54,70,127,135,108,103,97,150,8,117,136,42,80,17,4,27,19,138,141,14,126,15,112,58,109,66,22,129,32,133,29,6,61,73,55,45,65,41,71,34,134,7,28,120,68,51,131,16,96,125,13,25,91,81,93,132,62,105,64,59,69,86,98,92,123,26,118,121,33,35,40,77,115,137,128,39,36,46,119,2,20,87,43,60,107,140,89,114,53,139,78,101,149,110,56,88,85,124,57,50,21,146,74,47,38,142,147,9,24,49,102,95,104,63,90,148,100,18,30,10,3,84,144,44,75,5,79,1,37,11,67,116,130,76
83,111,23,82,52,48,106,94,145,12,113,31,143,122,72,54,70,127,135,108,103,97,150,8,117,136,42,80,17,4,27,19,138,141,14,126,15,112,58,109,66,22,129,32,133,29,6,61,73,55,45,65,41,71,34,134,7,28,120,68,51,131,16,96,125,13,25,91,81,93,132,62,105,64,59,69,86,98,92,123,26,118,121,33,35,40,77,115,137,128,39,36,46,119,2,20,87,43,60,107,140,89,114,53,139,78,101,149,110,56,88,85,124,57,50,21,146,74,47,38,142,147,9,24,49,102,95,104,63,90,148,100,18,30,10,3,84,144,44,75,5,79,1,37,11,67,116,130,76,99
111,23,82,52,48,106,94,145,12,113,31,143,122,72,54,70,127,135,108,103,97,150,8,117,136,42,80,17,4,27,19,138,141,14,126,15,112,58,109,66,22,129,32,133,29,6,61,73,55,45,65,41,71,34,134,7,28,120,68,51,131,16,96,125,13,25,91,81,93,132,62,105,64,59,69,86,98,92,123,26,118,121,33,35,40,77,115,137,128,39,36,46,119,2,20,87,43,60,107,140,89,114,53,139,78,101,149,110,56,88,85,124,57,50,21,146,74,47,38,142,147,9,24,49,102,95,104,63,90,148,100,18,30,10,3,84,144,44,75,5,79,1,37,11,67,116,130,76,99,83
23,82,52,48,106,94,145,12,113,31,143,122,72,54,70,127,135,108,103,97,150,8,117,136,42,80,17,4,27,19,138,141,14,126,15,112,58,109,66,22,129,32,133,29,6,61,73,55,45,65,41,71,34,134,7,28,120,68,51,131,16,96,125,13,25,91,81,93,132,62,105,64,59,69,86,98,92,123,26,118,121,33,35,40,77,115,137,128,39,36,46,119,2,20,87,43,60,107,140,89,114,53,139,78,101,149,110,56,88,85,124,57,50,21,146,74,47,38,142,147,9,24,49,102,95,104,63,90,148,100,18,30,10,3,84,144,44,75,5,79,1,37,11,67,116,130,76,99,83,111
82,52,48,106,94,145,12,113,31,143,122,72,54,70,127,135,108,103,97,150,8,117,136,42,80,17,4,27,19,138,141,14,126,15,112,58,109,66,22,129,32,133,29,6,61,73,55,45,65,41,71,34,134,7,28,120,68,51,131,16,96,125,13,25,91,81,93,132,62,105,64,59,69,86,98,92,123,26,118,121,33,35,40,77,115,137,128,39,36,46,119,2,20,87,43,60,107,140,89,114,53,139,78,101,149,110,56,88,85,124,57,50,21,146,74,47,38,142,147,9,24,49,102,95,104,63,90,148,100,18,30,10,3,84,144,44,75,5,79,1,37,11,67,116,130,76,99,83,111,23
52,48,106,94,145,12,113,31,143,122,72,54,70,127,135,108,103,97,150,8,117,136,42,80,17,4,27,19,138,141,14,126,15,112,58,109,66,22,129,32,133,29,6,61,73,55,45,65,41,71,34,134,7,28,120,68,51,131,16,96,125,13,25,91,81,93,132,62,105,64,59,69,86,98,92,123,26,118,121,33,35,40,77,115,137,128,39,36,46,119,2,20,87,43,60,107,140,89,114,53,139,78,101,149,110,56,88,85,124,57,50,21,146,74,47,38,142,147,9,24,49,102,95,104,63,90,148,100,18,30,10,3,84,144,44,75,5,79,1,37,11,67,116,130,76,99,83,111,23,82
48,106,94,145,12,113,31,143,122,72,54,70,127,135,108,103,97,150,8,117,136,42,80,17,4,27,19,138,141,14,126,15,112,58,109,66,22,129,32,133,29,6,61,73,55,45,65,41,71,34,134,7,28,120,68,51,131,16,96,125,13,25,91,81,93,132,62,105,64,59,69,86,98,92,123,26,118,121,33,35,40,77,115,137,128,39,36,46,119,2,20,87,43,60,107,140,89,114,53,139,78,101,149,110,56,88,85,124,57,50,21,146,74,47,38,142,147,9,24,49,102,95,104,63,90,148,100,18,30,10,3,84,144,44,75,5,79,1,37,11,67,116,130,76,99,83,111,23,82,52
106,94,145,12,113,31,143,122,72,54,70,127,135,108,103,97,150,8,117,136,42,80,17,4,27,19,138,141,14,126,15,112,58,109,66,22,129,32,133,29,6,61,73,55,45,65,41,71,34,134,7,28,120,68,51,131,16,96,125,13,25,91,81,93,132,62,105,64,59,69,86,98,92,123,26,118,121,33,35,40,77,115,137,128,39,36,46,119,2,20,87,43,60,107,140,89,114,53,139,78,101,149,110,56,88,85,124,57,50,21,146,74,47,38,142,147,9,24,49,102,95,104,63,90,148,100,18,30,10,3,84,144,44,75,5,79,1,37,11,67,116,130,76,99,83,111,23,82,52,48
94,145,12,113,31,143,122,72,54,70,127,135,108,103,97,150,8,117,136,42,80,17,4,27,19,138,141,14,126,15,112,58,109,66,22,129,32,133,29,6,61,73,55,45,65,41,71,34,134,7,28,120,68,51,131,16,96,125,13,25,91,81,93,132,62,105,64,59,69,86,98,92,123,26,118,121,33,35,40,77,115,137,128,39,36,46,119,2,20,87,43,60,107,140,89,114,53,139,78,101,149,110,56,88,85,124,57,50,21,146,74,47,38,142,147,9,24,49,102,95,104,63,90,148,100,18,30,10,3,84,144,44,75,5,79,1,37,11,67,116,130,76,99,83,111,23,82,52,48,106
145,12,113,31,143,122,72,54,70,127,135,108,103,97,150,8,117,136,42,80,17,4,27,19,138,141,14,126,15,112,58,109,66,22,129,32,133,29,6,61,73,55,45,65,41,71,34,134,7,28,120,68,51,131,16,96,125,13,25,91,81,93,132,62,105,64,59,69,86,98,92,123,26,118,121,33,35,40,77,115,137,128,39,36,46,119,2,20,87,43,60,107,140,89,114,53,139,78,101,149,110,56,88,85,124,57,50,21,146,74,47,38,142,147,9,24,49,102,95,104,63,90,148,100,18,30,10,3,84,144,44,75,5,79,1,37,11,67,116,130,76,99,83,111,23,82,52,48,106,94
12,113,31,143,122,72,54,70,127,135,108,103,97,150,8,117,136,42,80,17,4,27,19,138,141,14,126,15,112,58,109,66,22,129,32,133,29,6,61,73,55,45,65,41,71,34,134,7,28,120,68,51,131,16,96,125,13,25,91,81,93,132,62,105,64,59,69,86,98,92,123,26,118,121,33,35,40,77,115,137,128,39,36,46,119,2,20,87,43,60,107,140,89,114,53,139,78,101,149,110,56,88,85,124,57,50,21,146,74,47,38,142,147,9,24,49,102,95,104,63,90,148,100,18,30,10,3,84,144,44,75,5,79,1,37,11,67,116,130,76,99,83,111,23,82,52,48,106,94,145
113,31,143,122,72,54,70,127,135,108,103,97,150,8,117,136,42,80,17,4,27,19,138,141,14,126,15,112,58,109,66,22,129,32,133,29,6,61,73,55,45,65,41,71,34,134,7,28,120,68,51,131,16,96,125,13,25,91,81,93,132,62,105,64,59,69,86,98,92,123,26,118,121,33,35,40,77,115,137,128,39,36,46,119,2,20,87,43,60,107,140,89,114,53,139,78,101,149,110,56,88,85,124,57,50,21,146,74,47,38,142,147,9,24,49,102,95,104,63,90,148,100,18,30,10,3,84,144,44,75,5,79,1,37,11,67,116,130,76,99,83,111,23,82,52,48,106,94,145,12
31,143,122,72,54,70,127,135,108,103,97,150,8,117,136,42,80,17,4,27,19,138,141,14,126,15,112,58,109,66,22,129,32,133,29,6,61,73,55,45,65,41,71,34,134,7,28,120,68,51,131,16,96,125,13,25,91,81,93,132,62,105,64,59,69,86,98,92,123,26,118,121,33,35,40,77,115,137,128,39,36,46,119,2,20,87,43,60,107,140,89,114,53,139,78,101,149,110,56,88,85,124,57,50,21,146,74,47,38,142,147,9,24,49,102,95,104,63,90,148,100,18,30,10,3,84,144,44,75,5,79,1,37,11,67,116,130,76,99,83,111,23,82,52,48,106,94,145,12,113
143,122,72,54,70,127,135,108,103,97,150,8,117,136,42,80,17,4,27,19,138,141,14,126,15,112,58,109,66,22,129,32,133,29,6,61,73,55,45,65,41,71,34,134,7,28,120,68,51,131,16,96,125,13,25,91,81,93,132,62,105,64,59,69,86,98,92,123,26,118,121,33,35,40,77,115,137,128,39,36,46,119,2,20,87,43,60,107,140,89,114,53,139,78,101,149,110,56,88,85,124,57,50,21,146,74,47,38,142,147,9,24,49,102,95,104,63,90,148,100,18,30,10,3,84,144,44,75,5,79,1,37,11,67,116,130,76,99,83,111,23,82,52,48,106,94,145,12,113,31
122,72,54,70,127,135,108,103,97,150,8,117,136,42,80,17,4,27,19,138,141,14,126,15,112,58,109,66,22,129,32,133,29,6,61,73,55,45,65,41,71,34,134,7,28,120,68,51,131,16,96,125,13,25,91,81,93,132,62,105,64,59,69,86,98,92,123,26,118,121,33,35,40,77,115,137,128,39,36,46,119,2,20,87,43,60,107,140,89,114,53,139,78,101,149,110,56,88,85,124,57,50,21,146,74,47,38,142,147,9,24,49,102,95,104,63,90,148,100,18,30,10,3,84,144,44,75,5,79,1,37,11,67,116,130,76,99,83,111,23,82,52,48,106,94,145,12,113,31,143
72,54,70,127,135,108,103,97,150,8,117,136,42,80,17,4,27,19,138,141,14,126,15,112,58,109,66,22,129,32,133,29,6,61,73,55,45,65,41,71,34,134,7,28,120,68,51,131,16,96,125,13,25,91,81,93,132,62,105,64,59,69,86,98,92,123,26,118,121,33,35,40,77,115,137,128,39,36,46,119,2,20,87,43,60,107,140,89,114,53,139,78,101,149,110,56,88,85,124,57,50,21,146,74,47,38,142,147,9,24,49,102,95,104,63,90,148,100,18,30,10,3,84,144,44,75,5,79,1,37,11,67,116,130,76,99,83,111,23,82,52,48,106,94,145,12,113,31,143,122
54,70,127,135,108,103,97,150,8,117,136,42,80,17,4,27,19,138,141,14,126,15,112,58,109,66,22,129,32,133,29,6,61,73,55,45,65,41,71,34,134,7,28,120,68,51,131,16,96,125,13,25,91,81,93,132,62,105,64,59,69,86,98,92,123,26,118,121,33,35,40,77,115,137,128,39,36,46,119,2,20,87,43,60,107,140,89,114,53,139,78,101,149,110,56,88,85,124,57,50,21,146,74,47,38,142,147,9,24,49,102,95,104,63,90,148,100,18,30,10,3,84,144,44,75,5,79,1,37,11,67,116,130,76,99,83,111,23,82,52,48,106,94,145,12,113,31,143,122,72
70,127,135,108,103,97,150,8,117,136,42,80,17,4,27,19,138,141,14,126,15,112,58,109,66,22,129,32,133,29,6,61,73,55,45,65,41,71,34,134,7,28,120,68,51,131,16,96,125,13,25,91,81,93,132,62,105,64,59,69,86,98,92,123,26,118,121,33,35,40,77,115,137,128,39,36,46,119,2,20,87,43,60,107,140,89,114,53,139,78,101,149,110,56,88,85,124,57,50,21,146,74,47,38,142,147,9,24,49,102,95,104,63,90,148,100,18,30,10,3,84,144,44,75,5,79,1,37,11,67,116,130,76,99,83,111,23,82,52,48,106,94,145,12,113,31,143,122,72,54
127,135,108,103,97,150,8,117,136,42,80,17,4,27,19,138,141,14,126,15,112,58,109,66,22,129,32,133,29,6,61,73,55,45,65,41,71,34,134,7,28,120,68,51,131,16,96,125,13,25,91,81,93,132,62,105,64,59,69,86,98,92,123,26,118,121,33,35,40,77,115,137,128,39,36,46,119,2,20,87,43,60,107,140,89,114,53,139,78,101,149,110,56,88,85,124,57,50,21,146,74,47,38,142,147,9,24,49,102,95,104,63,90,148,100,18,30,10,3,84,144,44,75,5,79,1,37,11,67,116,130,76,99,83,111,23,82,52,48,106,94,145,12,113,31,143,122,72,54,70
135,108,103,97,150,8,117,136,42,80,17,4,27,19,138,141,14,126,15,112,58,109,66,22,129,32,133,29,6,61,73,55,45,65,41,71,34,134,7,28,120,68,51,131,16,96,125,13,25,91,81,93,132,62,105,64,59,69,86,98,92,123,26,118,121,33,35,40,77,115,137,128,39,36,46,119,2,20,87,43,60,107,140,89,114,53,139,78,101,149,110,56,88,85,124,57,50,21,146,74,47,38,142,147,9,24,49,102,95,104,63,90,148,100,18,30,10,3,84,144,44,75,5,79,1,37,11,67,116,130,76,99,83,111,23,82,52,48,106,94,145,12,113,31,143,122,72,54,70,127
108,103,97,150,8,117,136,42,80,17,4,27,19,138,141,14,126,15,112,58,109,66,22,129,32,133,29,6,61,73,55,45,65,41,71,34,134,7,28,120,68,51,131,16,96,125,13,25,91,81,93,132,62,105,64,59,69,86,98,92,123,26,118,121,33,35,40,77,115,137,128,39,36,46,119,2,20,87,43,60,107,140,89,114,53,139,78,101,149,110,56,88,85,124,57,50,21,146,74,47,38,142,147,9,24,49,102,95,104,63,90,148,100,18,30,10,3,84,144,44,75,5,79,1,37,11,67,116,130,76,99,83,111,23,82,52,48,106,94,145,12,113,31,143,122,72,54,70,127,135
103,97,150,8,117,136,42,80,17,4,27,19,138,141,14,126,15,112,58,109,66,22,129,32,133,29,6,61,73,55,45,65,41,71,34,134,7,28,120,68,51,131,16,96,125,13,25,91,81,93,132,62,105,64,59,69,86,98,92,123,26,118,121,33,35,40,77,115,137,128,39,36,46,119,2,20,87,43,60,107,140,89,114,53,139,78,101,149,110,56,88,85,124,57,50,21,146,74,47,38,142,147,9,24,49,102,95,104,63,90,148,100,18,30,10,3,84,144,44,75,5,79,1,37,11,67,116,130,76,99,83,111,23,82,52,48,106,94,145,12,113,31,143,122,72,54,70,127,135,108
97,150,8,117,136,42,80,17,4,27,19,138,141,14,126,15,112,58,109,66,22,129,32,133,29,6,61,73,55,45,65,41,71,34,134,7,28,120,68,51,131,16,96,125,13,25,91,81,93,132,62,105,64,59,69,86,98,92,123,26,118,121,33,35,40,77,115,137,128,39,36,46,119,2,20,87,43,60,107,140,89,114,53,139,78,101,149,110,56,88,85,124,57,50,21,146,74,47,38,142,147,9,24,49,102,95,104,63,90,148,100,18,30,10,3,84,144,44,75,5,79,1,37,11,67,116,130,76,99,83,111,23,82,52,48,106,94,145,12,113,31,143,122,72,54,70,127,135,108,103
150,8,117,136,42,80,17,4,27,19,138,141,14,126,15,112,58,109,66,22,129,32,133,29,6,61,73,55,45,65,41,71,34,134,7,28,120,68,51,131,16,96,125,13,25,91,81,93,132,62,105,64,59,69,86,98,92,123,26,118,121,33,35,40,77,115,137,128,39,36,46,119,2,20,87,43,60,107,140,89,114,53,139,78,101,149,110,56,88,85,124,57,50,21,146,74,47,38,142,147,9,24,49,102,95,104,63,90,148,100,18,30,10,3,84,144,44,75,5,79,1,37,11,67,116,130,76,99,83,111,23,82,52,48,106,94,145,12,113,31,143,122,72,54,70,127,135,108,103,97
8,117,136,42,80,17,4,27,19,138,141,14,126,15,112,58,109,66,22,129,32,133,29,6,61,73,55,45,65,41,71,34,134,7,28,120,68,51,131,16,96,125,13,25,91,81,93,132,62,105,64,59,69,86,98,92,123,26,118,121,33,35,40,77,115,137,128,39,36,46,119,2,20,87,43,60,107,140,89,114,53,139,78,101,149,110,56,88,85,124,57,50,21,146,74,47,38,142,147,9,24,49,102,95,104,63,90,148,100,18,30,10,3,84,144,44,75,5,79,1,37,11,67,116,130,76,99,83,111,23,82,52,48,106,94,145,12,113,31,143,122,72,54,70,127,135,108,103,97,150
117,136,42,80,17,4,27,19,138,141,14,126,15,112,58,109,66,22,129,32,133,29,6,61,73,55,45,65,41,71,34,134,7,28,120,68,51,131,16,96,125,13,25,91,81,93,132,62,105,64,59,69,86,98,92,123,26,118,121,33,35,40,77,115,137,128,39,36,46,119,2,20,87,43,60,107,140,89,114,53,139,78,101,149,110,56,88,85,124,57,50,21,146,74,47,38,142,147,9,24,49,102,95,104,63,90,148,100,18,30,10,3,84,144,44,75,5,79,1,37,11,67,116,130,76,99,83,111,23,82,52,48,106,94,145,12,113,31,143,122,72,54,70,127,135,108,103,97,150,8
136,42,80,17,4,27,19,138,141,14,126,15,112,58,109,66,22,129,32,133,29,6,61,73,55,45,65,41,71,34,134,7,28,120,68,51,131,16,96,125,13,25,91,81,93,132,62,105,64,59,69,86,98,92,123,26,118,121,33,35,40,77,115,137,128,39,36,46,119,2,20,87,43,60,107,140,89,114,53,139,78,101,149,110,56,88,85,124,57,50,21,146,74,47,38,142,147,9,24,49,102,95,104,63,90,148,100,18,30,10,3,84,144,44,75,5,79,1,37,11,67,116,130,76,99,83,111,23,82,52,48,106,94,145,12,113,31,143,122,72,54,70,127,135,108,103,97,150,8,117
42,80,17,4,27,19,138,141,14,126,15,112,58,109,66,22,129,32,133,29,6,61,73,55,45,65,41,71,34,134,7,28,120,68,51,131,16,96,125,13,25,91,81,93,132,62,105,64,59,69,86,98,92,123,26,118,121,33,35,40,77,115,137,128,39,36,46,119,2,20,87,43,60,107,140,89,114,53,139,78,101,149,110,56,88,85,124,57,50,21,146,74,47,38,142,147,9,24,49,102,95,104,63,90,148,100,18,30,10,3,84,144,44,75,5,79,1,37,11,67,116,130,76,99,83,111,23,82,52,48,106,94,145,12,113,31,143,122,72,54,70,127,135,108,103,97,150,8,117,136
80,17,4,27,19,138,141,14,126,15,112,58,109,66,22,129,32,133,29,6,61,73,55,45,65,41,71,34,134,7,28,120,68,51,131,16,96,125,13,25,91,81,93,132,62,105,64,59,69,86,98,92,123,26,118,121,33,35,40,77,115,137,128,39,36,46,119,2,20,87,43,60,107,140,89,114,53,139,78,101,149,110,56,88,85,124,57,50,21,146,74,47,38,142,147,9,24,49,102,95,104,63,90,148,100,18,30,10,3,84,144,44,75,5,79,1,37,11,67,116,130,76,99,83,111,23,82,52,48,106,94,145,12,113,31,143,122,72,54,70,127,135,108,103,97,150,8,117,136,42
17,4,27,19,138,141,14,126,15,112,58,109,66,22,129,32,133,29,6,61,73,55,45,65,41,71,34,134,7,28,120,68,51,131,16,96,125,13,25,91,81,93,132,62,105,64,59,69,86,98,92,123,26,118,121,33,35,40,77,115,137,128,39,36,46,119,2,20,87,43,60,107,140,89,114,53,139,78,101,149,110,56,88,85,124,57,50,21,146,74,47,38,142,147,9,24,49,102,95,104,63,90,148,100,18,30,10,3,84,144,44,75,5,79,1,37,11,67,116,130,76,99,83,111,23,82,52,48,106,94,145,12,113,31,143,122,72,54,70,127,135,108,103,97,150,8,117,136,42,80
4,27,19,138,141,14,126,15,112,58,109,66,22,129,32,133,29,6,61,73,55,45,65,41,71,34,134,7,28,120,68,51,131,16,96,125,13,25,91,81,93,132,62,105,64,59,69,86,98,92,123,26,118,121,33,35,40,77,115,137,128,39,36,46,119,2,20,87,43,60,107,140,89,114,53,139,78,101,149,110,56,88,85,124,57,50,21,146,74,47,38,142,147,9,24,49,102,95,104,63,90,148,100,18,30,10,3,84,144,44,75,5,79,1,37,11,67,116,130,76,99,83,111,23,82,52,48,106,94,145,12,113,31,143,122,72,54,70,127,135,108,103,97,150,8,117,136,42,80,17
27,19,138,141,14,126,15,112,58,109,66,22,129,32,133,29,6,61,73,55,45,65,41,71,34,134,7,28,120,68,51,131,16,96,125,13,25,91,81,93,132,62,105,64,59,69,86,98,92,123,26,118,121,33,35,40,77,115,137,128,39,36,46,119,2,20,87,43,60,107,140,89,114,53,139,78,101,149,110,56,88,85,124,57,50,21,146,74,47,38,142,147,9,24,49,102,95,104,63,90,148,100,18,30,10,3,84,144,44,75,5,79,1,37,11,67,116,130,76,99,83,111,23,82,52,48,106,94,145,12,113,31,143,122,72,54,70,127,135,108,103,97,150,8,117,136,42,80,17,4
19,138,141,14,126,15,112,58,109,66,22,129,32,133,29,6,61,73,55,45,65,41,71,34,134,7,28,120,68,51,131,16,96,125,13,25,91,81,93,132,62,105,64,59,69,86,98,92,123,26,118,121,33,35,40,77,115,137,128,39,36,46,119,2,20,87,43,60,107,140,89,114,53,139,78,101,149,110,56,88,85,124,57,50,21,146,74,47,38,142,147,9,24,49,102,95,104,63,90,148,100,18,30,10,3,84,144,44,75,5,79,1,37,11,67,116,130,76,99,83,111,23,82,52,48,106,94,145,12,113,31,143,122,72,54,70,127,135,108,103,97,150,8,117,136,42,80,17,4,27
138,141,14,126,15,112,58,109,66,22,129,32,133,29,6,61,73,55,45,65,41,71,34,134,7,28,120,68,51,131,16,96,125,13,25,91,81,93,132,62,105,64,59,69,86,98,92,123,26,118,121,33,35,40,77,115,137,128,39,36,46,119,2,20,87,43,60,107,140,89,114,53,139,78,101,149,110,56,88,85,124,57,50,21,146,74,47,38,142,147,9,24,49,102,95,104,63,90,148,100,18,30,10,3,84,144,44,75,5,79,1,37,11,67,116,130,76,99,83,111,23,82,52,48,106,94,145,12,113,31,143,122,72,54,70,127,135,108,103,97,150,8,117,136,42,80,17,4,27,19
141,14,126,15,112,58,109,66,22,129,32,133,29,6,61,73,55,45,65,41,71,34,134,7,28,120,68,51,131,16,96,125,13,25,91,81,93,132,62,105,64,59,69,86,98,92,123,26,118,121,33,35,40,77,115,137,128,39,36,46,119,2,20,87,43,60,107,140,89,114,53,139,78,101,149,110,56,88,85,124,57,50,21,146,74,47,38,142,147,9,24,49,102,95,104,63,90,148,100,18,30,10,3,84,144,44,75,5,79,1,37,11,67,116,130,76,99,83,111,23,82,52,48,106,94,145,12,113,31,143,122,72,54,70,127,135,108,103,97,150,8,117,136,42,80,17,4,27,19,138
14,126,15,112,58,109,66,22,129,32,133,29,6,61,73,55,45,65,41,71,34,134,7,28,120,68,51,131,16,96,125,13,25,91,81,93,132,62,105,64,59,69,86,98,92,123,26,118,121,33,35,40,77,115,137,128,39,36,46,119,2,20,87,43,60,107,140,89,114,53,139,78,101,149,110,56,88,85,124,57,50,21,146,74,47,38,142,147,9,24,49,102,95,104,63,90,148,100,18,30,10,3,84,144,44,75,5,79,1,37,11,67,116,130,76,99,83,111,23,82,52,48,106,94,145,12,113,31,143,122,72,54,70,127,135,108,103,97,150,8,117,136,42,80,17,4,27,19,138,141
126,15,112,58,109,66,22,129,32,133,29,6,61,73,55,45,65,41,71,34,134,7,28,120,68,51,131,16,96,125,13,25,91,81,93,132,62,105,64,59,69,86,98,92,123,26,118,121,33,35,40,77,115,137,128,39,36,46,119,2,20,87,43,60,107,140,89,114,53,139,78,101,149,110,56,88,85,124,57,50,21,146,74,47,38,142,147,9,24,49,102,95,104,63,90,148,100,18,30,10,3,84,144,44,75,5,79,1,37,11,67,116,130,76,99,83,111,23,82,52,48,106,94,145,12,113,31,143,122,72,54,70,127,135,108,103,97,150,8,117,136,42,80,17,4,27,19,138,141,14
15,112,58,109,66,22,129,32,133,29,6,61,73,55,45,65,41,71,34,134,7,28,120,68,51,131,16,96,125,13,25,91,81,93,132,62,105,64,59,69,86,98,92,123,26,118,121,33,35,40,77,115,137,128,39,36,46,119,2,20,87,43,60,107,140,89,114,53,139,78,101,149,110,56,88,85,124,57,50,21,146,74,47,38,142,147,9,24,49,102,95,104,63,90,148,100,18,30,10,3,84,144,44,75,5,79,1,37,11,67,116,130,76,99,83,111,23,82,52,48,106,94,145,12,113,31,143,122,72,54,70,127,135,108,103,97,150,8,117,136,42,80,17,4,27,19,138,141,14,126
112,58,109,66,22,129,32,133,29,6,61,73,55,45,65,41,71,34,134,7,28,120,68,51,131,16,96,125,13,25,91,81,93,132,62,105,64,59,69,86,98,92,123,26,118,121,33,35,40,77,115,137,128,39,36,46,119,2,20,87,43,60,107,140,89,114,53,139,78,101,149,110,56,88,85,124,57,50,21,146,74,47,38,142,147,9,24,49,102,95,104,63,90,148,100,18,30,10,3,84,144,44,75,5,79,1,37,11,67,116,130,76,99,83,111,23,82,52,48,106,94,145,12,113,31,143,122,72,54,70,127,135,108,103,97,150,8,117,136,42,80,17,4,27,19,138,141,14,126,15
58,109,66,22,129,32,133,29,6,61,73,55,45,65,41,71,34,134,7,28,120,68,51,131,16,96,125,13,25,91,81,93,132,62,105,64,59,69,86,98,92,123,26,118,121,33,35,40,77,115,137,128,39,36,46,119,2,20,87,43,60,107,140,89,114,53,139,78,101,149,110,56,88,85,124,57,50,21,146,74,47,38,142,147,9,24,49,102,95,104,63,90,148,100,18,30,10,3,84,144,44,75,5,79,1,37,11,67,116,130,76,99,83,111,23,82,52,48,106,94,145,12,113,31,143,122,72,54,70,127,135,108,103,97,150,8,117,136,42,80,17,4,27,19,138,141,14,126,15,112
109,66,22,129,32,133,29,6,61,73,55,45,65,41,71,34,134,7,28,120,68,51,131,16,96,125,13,25,91,81,93,132,62,105,64,59,69,86,98,92,123,26,118,121,33,35,40,77,115,137,128,39,36,46,119,2,20,87,43,60,107,140,89,114,53,139,78,101,149,110,56,88,85,124,57,50,21,146,74,47,38,142,147,9,24,49,102,95,104,63,90,148,100,18,30,10,3,84,144,44,75,5,79,1,37,11,67,116,130,76,99,83,111,23,82,52,48,106,94,145,12,113,31,143,122,72,54,70,127,135,108,103,97,150,8,117,136,42,80,17,4,27,19,138,141,14,126,15,112,58
66,22,129,32,133,29,6,61,73,55,45,65,41,71,34,134,7,28,120,68,51,131,16,96,125,13,25,91,81,93,132,62,105,64,59,69,86,98,92,123,26,118,121,33,35,40,77,115,137,128,39,36,46,119,2,20,87,43,60,107,140,89,114,53,139,78,101,149,110,56,88,85,124,57,50,21,146,74,47,38,142,147,9,24,49,102,95,104,63,90,148,100,18,30,10,3,84,144,44,75,5,79,1,37,11,67,116,130,76,99,83,111,23,82,52,48,106,94,145,12,113,31,143,122,72,54,70,127,135,108,103,97,150,8,117,136,42,80,17,4,27,19,138,141,14,126,15,112,58,109
22,129,32,133,29,6,61,73,55,45,65,41,71,34,134,7,28,120,68,51,131,16,96,125,13,25,91,81,93,132,62,105,64,59,69,86,98,92,123,26,118,121,33,35,40,77,115,137,128,39,36,46,119,2,20,87,43,60,107,140,89,114,53,139,78,101,149,110,56,88,85,124,57,50,21,146,74,47,38,142,147,9,24,49,102,95,104,63,90,148,100,18,30,10,3,84,144,44,75,5,79,1,37,11,67,116,130,76,99,83,111,23,82,52,48,106,94,145,12,113,31,143,122,72,54,70,127,135,108,103,97,150,8,117,136,42,80,17,4,27,19,138,141,14,126,15,112,58,109,66
129,32,133,29,6,61,73,55,45,65,41,71,34,134,7,28,120,68,51,131,16,96,125,13,25,91,81,93,132,62,105,64,59,69,86,98,92,123,26,118,121,33,35,40,77,115,137,128,39,36,46,119,2,20,87,43,60,107,140,89,114,53,139,78,101,149,110,56,88,85,124,57,50,21,146,74,47,38,142,147,9,24,49,102,95,104,63,90,148,100,18,30,10,3,84,144,44,75,5,79,1,37,11,67,116,130,76,99,83,111,23,82,52,48,106,94,145,12,113,31,143,122,72,54,70,127,135,108,103,97,150,8,117,136,42,80,17,4,27,19,138,141,14,126,15,112,58,109,66,22
32,133,29,6,61,73,55,45,65,41,71,34,134,7,28,120,68,51,131,16,96,125,13,25,91,81,93,132,62,105,64,59,69,86,98,92,123,26,118,121,33,35,40,77,115,137,128,39,36,46,119,2,20,87,43,60,107,140,89,114,53,139,78,101,149,110,56,88,85,124,57,50,21,146,74,47,38,142,147,9,24,49,102,95,104,63,90,148,100,18,30,10,3,84,144,44,75,5,79,1,37,11,67,116,130,76,99,83,111,23,82,52,48,106,94,145,12,113,31,143,122,72,54,70,127,135,108,103,97,150,8,117,136,42,80,17,4,27,19,138,141,14,126,15,112,58,109,66,22,129
133,29,6,61,73,55,45,65,41,71,34,134,7,28,120,68,51,131,16,96,125,13,25,91,81,93,132,62,105,64,59,69,86,98,92,123,26,118,121,33,35,40,77,115,137,128,39,36,46,119,2,20,87,43,60,107,140,89,114,53,139,78,101,149,110,56,88,85,124,57,50,21,146,74,47,38,142,147,9,24,49,102,95,104,63,90,148,100,18,30,10,3,84,144,44,75,5,79,1,37,11,67,116,130,76,99,83,111,23,82,52,48,106,94,145,12,113,31,143,122,72,54,70,127,135,108,103,97,150,8,117,136,42,80,17,4,27,19,138,141,14,126,15,112,58,109,66,22,129,32
29,6,61,73,55,45,65,41,71,34,134,7,28,120,68,51,131,16,96,125,13,25,91,81,93,132,62,105,64,59,69,86,98,92,123,26,118,121,33,35,40,77,115,137,128,39,36,46,119,2,20,87,43,60,107,140,89,114,53,139,78,101,149,110,56,88,85,124,57,50,21,146,74,47,38,142,147,9,24,49,102,95,104,63,90,148,100,18,30,10,3,84,144,44,75,5,79,1,37,11,67,116,130,76,99,83,111,23,82,52,48,106,94,145,12,113,31,143,122,72,54,70,127,135,108,103,97,150,8,117,136,42,80,17,4,27,19,138,141,14,126,15,112,58,109,66,22,129,32,133
6,61,73,55,45,65,41,71,34,134,7,28,120,68,51,131,16,96,125,13,25,91,81,93,132,62,105,64,59,69,86,98,92,123,26,118,121,33,35,40,77,115,137,128,39,36,46,119,2,20,87,43,60,107,140,89,114,53,139,78,101,149,110,56,88,85,124,57,50,21,146,74,47,38,142,147,9,24,49,102,95,104,63,90,148,100,18,30,10,3,84,144,44,75,5,79,1,37,11,67,116,130,76,99,83,111,23,82,52,48,106,94,145,12,113,31,143,122,72,54,70,127,135,108,103,97,150,8,117,136,42,80,17,4,27,19,138,141,14,126,15,112,58,109,66,22,129,32,133,29
61,73,55,45,65,41,71,34,134,7,28,120,68,51,131,16,96,125,13,25,91,81,93,132,62,105,64,59,69,86,98,92,123,26,118,121,33,35,40,77,115,137,128,39,36,46,119,2,20,87,43,60,107,140,89,114,53,139,78,101,149,110,56,88,85,124,57,50,21,146,74,47,38,142,147,9,24,49,102,95,104,63,90,148,100,18,30,10,3,84,144,44,75,5,79,1,37,11,67,116,130,76,99,83,111,23,82,52,48,106,94,145,12,113,31,143,122,72,54,70,127,135,108,103,97,150,8,117,136,42,80,17,4,27,19,138,141,14,126,15,112,58,109,66,22,129,32,133,29,6
73,55,45,65,41,71,34,134,7,28,120,68,51,131,16,96,125,13,25,91,81,93,132,62,105,64,59,69,86,98,92,123,26,118,121,33,35,40,77,115,137,128,39,36,46,119,2,20,87,43,60,107,140,89,114,53,139,78,101,149,110,56,88,85,124,57,50,21,146,74,47,38,142,147,9,24,49,102,95,104,63,90,148,100,18,30,10,3,84,144,44,75,5,79,1,37,11,67,116,130,76,99,83,111,23,82,52,48,106,94,145,12,113,31,143,122,72,54,70,127,135,108,103,97,150,8,117,136,42,80,17,4,27,19,138,141,14,126,15,112,58,109,66,22,129,32,133,29,6,61
55,45,65,41,71,34,134,7,28,120,68,51,131,16,96,125,13,25,91,81,93,132,62,105,64,59,69,86,98,92,123,26,118,121,33,35,40,77,115,137,128,39,36,46,119,2,20,87,43,60,107,140,89,114,53,139,78,101,149,110,56,88,85,124,57,50,21,146,74,47,38,142,147,9,24,49,102,95,104,63,90,148,100,18,30,10,3,84,144,44,75,5,79,1,37,11,67,116,130,76,99,83,111,23,82,52,48,106,94,145,12,113,31,143,122,72,54,70,127,135,108,103,97,150,8,117,136,42,80,17,4,27,19,138,141,14,126,15,112,58,109,66,22,129,32,133,29,6,61,73
45,65,41,71,34,134,7,28,120,68,51,131,16,96,125,13,25,91,81,93,132,62,105,64,59,69,86,98,92,123,26,118,121,33,35,40,77,115,137,128,39,36,46,119,2,20,87,43,60,107,140,89,114,53,139,78,101,149,110,56,88,85,124,57,50,21,146,74,47,38,142,147,9,24,49,102,95,104,63,90,148,100,18,30,10,3,84,144,44,75,5,79,1,37,11,67,116,130,76,99,83,111,23,82,52,48,106,94,145,12,113,31,143,122,72,54,70,127,135,108,103,97,150,8,117,136,42,80,17,4,27,19,138,141,14,126,15,112,58,109,66,22,129,32,133,29,6,61,73,55
65,41,71,34,134,7,28,120,68,51,131,16,96,125,13,25,91,81,93,132,62,105,64,59,69,86,98,92,123,26,118,121,33,35,40,77,115,137,128,39,36,46,119,2,20,87,43,60,107,140,89,114,53,139,78,101,149,110,56,88,85,124,57,50,21,146,74,47,38,142,147,9,24,49,102,95,104,63,90,148,100,18,30,10,3,84,144,44,75,5,79,1,37,11,67,116,130,76,99,83,111,23,82,52,48,106,94,145,12,113,31,143,122,72,54,70,127,135,108,103,97,150,8,117,136,42,80,17,4,27,19,138,141,14,126,15,112,58,109,66,22,129,32,133,29,6,61,73,55,45
41,71,34,134,7,28,120,68,51,131,16,96,125,13,25,91,81,93,132,62,105,64,59,69,86,98,92,123,26,118,121,33,35,40,77,115,137,128,39,36,46,119,2,20,87,43,60,107,140,89,114,53,139,78,101,149,110,56,88,85,124,57,50,21,146,74,47,38,142,147,9,24,49,102,95,104,63,90,148,100,18,30,10,3,84,144,44,75,5,79,1,37,11,67,116,130,76,99,83,111,23,82,52,48,106,94,145,12,113,31,143,122,72,54,70,127,135,108,103,97,150,8,117,136,42,80,17,4,27,19,138,141,14,126,15,112,58,109,66,22,129,32,133,29,6,61,73,55,45,65
71,34,134,7,28,120,68,51,131,16,96,125,13,25,91,81,93,132,62,105,64,59,69,86,98,92,123,26,118,121,33,35,40,77,115,137,128,39,36,46,119,2,20,87,43,60,107,140,89,114,53,139,78,101,149,110,56,88,85,124,57,50,21,146,74,47,38,142,147,9,24,49,102,95,104,63,90,148,100,18,30,10,3,84,144,44,75,5,79,1,37,11,67,116,130,76,99,83,111,23,82,52,48,106,94,145,12,113,31,143,122,72,54,70,127,135,108,103,97,150,8,117,136,42,80,17,4,27,19,138,141,14,126,15,112,58,109,66,22,129,32,133,29,6,61,73,55,45,65,41
34,134,7,28,120,68,51,131,16,96,125,13,25,91,81,93,132,62,105,64,59,69,86,98,92,123,26,118,121,33,35,40,77,115,137,128,39,36,46,119,2,20,87,43,60,107,140,89,114,53,139,78,101,149,110,56,88,85,124,57,50,21,146,74,47,38,142,147,9,24,49,102,95,104,63,90,148,100,18,30,10,3,84,144,44,75,5,79,1,37,11,67,116,130,76,99,83,111,23,82,52,48,106,94,145,12,113,31,143,122,72,54,70,127,135,108,103,97,150,8,117,136,42,80,17,4,27,19,138,141,14,126,15,112,58,109,66,22,129,32,133,29,6,61,73,55,45,65,41,71
134,7,28,120,68,51,131,16,96,125,13,25,91,81,93,132,62,105,64,59,69,86,98,92,123,26,118,121,33,35,40,77,115,137,128,39,36,46,119,2,20,87,43,60,107,140,89,114,53,139,78,101,149,110,56,88,85,124,57,50,21,146,74,47,38,142,147,9,24,49,102,95,104,63,90,148,100,18,30,10,3,84,144,44,75,5,79,1,37,11,67,116,130,76,99,83,111,23,82,52,48,106,94,145,12,113,31,143,122,72,54,70,127,135,108,103,97,150,8,117,136,42,80,17,4,27,19,138,141,14,126,15,112,58,109,66,22,129,32,133,29,6,61,73,55,45,65,41,71,34
7,28,120,68,51,131,16,96,125,13,25,91,81,93,132,62,105,64,59,69,86,98,92,123,26,118,121,33,35,40,77,115,137,128,39,36,46,119,2,20,87,43,60,107,140,89,114,53,139,78,101,149,110,56,88,85,124,57,50,21,146,74,47,38,142,147,9,24,49,102,95,104,63,90,148,100,18,30,10,3,84,144,44,75,5,79,1,37,11,67,116,130,76,99,83,111,23,82,52,48,106,94,145,12,113,31,143,122,72,54,70,127,135,108,103,97,150,8,117,136,42,80,17,4,27,19,138,141,14,126,15,112,58,109,66,22,129,32,133,29,6,61,73,55,45,65,41,71,34,134
28,120,68,51,131,16,96,125,13,25,91,81,93,132,62,105,64,59,69,86,98,92,123,26,118,121,33,35,40,77,115,137,128,39,36,46,119,2,20,87,43,60,107,140,89,114,53,139,78,101,149,110,56,88,85,124,57,50,21,146,74,47,38,142,147,9,24,49,102,95,104,63,90,148,100,18,30,10,3,84,144,44,75,5,79,1,37,11,67,116,130,76,99,83,111,23,82,52,48,106,94,145,12,113,31,143,122,72,54,70,127,135,108,103,97,150,8,117,136,42,80,17,4,27,19,138,141,14,126,15,112,58,109,66,22,129,32,133,29,6,61,73,55,45,65,41,71,34,134,7
120,68,51,131,16,96,125,13,25,91,81,93,132,62,105,64,59,69,86,98,92,123,26,118,121,33,35,40,77,115,137,128,39,36,46,119,2,20,87,43,60,107,140,89,114,53,139,78,101,149,110,56,88,85,124,57,50,21,146,74,47,38,142,147,9,24,49,102,95,104,63,90,148,100,18,30,10,3,84,144,44,75,5,79,1,37,11,67,116,130,76,99,83,111,23,82,52,48,106,94,145,12,113,31,143,122,72,54,70,127,135,108,103,97,150,8,117,136,42,80,17,4,27,19,138,141,14,126,15,112,58,109,66,22,129,32,133,29,6,61,73,55,45,65,41,71,34,134,7,28
68,51,131,16,96,125,13,25,91,81,93,132,62,105,64,59,69,86,98,92,123,26,118,121,33,35,40,77,115,137,128,39,36,46,119,2,20,87,43,60,107,140,89,114,53,139,78,101,149,110,56,88,85,124,57,50,21,146,74,47,38,142,147,9,24,49,102,95,104,63,90,148,100,18,30,10,3,84,144,44,75,5,79,1,37,11,67,116,130,76,99,83,111,23,82,52,48,106,94,145,12,113,31,143,122,72,54,70,127,135,108,103,97,150,8,117,136,42,80,17,4,27,19,138,141,14,126,15,112,58,109,66,22,129,32,133,29,6,61,73,55,45,65,41,71,34,134,7,28,120
51,131,16,96,125,13,25,91,81,93,132,62,105,64,59,69,86,98,92,123,26,118,121,33,35,40,77,115,137,128,39,36,46,119,2,20,87,43,60,107,140,89,114,53,139,78,101,149,110,56,88,85,124,57,50,21,146,74,47,38,142,147,9,24,49,102,95,104,63,90,148,100,18,30,10,3,84,144,44,75,5,79,1,37,11,67,116,130,76,99,83,111,23,82,52,48,106,94,145,12,113,31,143,122,72,54,70,127,135,108,103,97,150,8,117,136,42,80,17,4,27,19,138,141,14,126,15,112,58,109,66,22,129,32,133,29,6,61,73,55,45,65,41,71,34,134,7,28,120,68
131,16,96,125,13,25,91,81,93,132,62,105,64,59,69,86,98,92,123,26,118,121,33,35,40,77,115,137,128,39,36,46,119,2,20,87,43,60,107,140,89,114,53,139,78,101,149,110,56,88,85,124,57,50,21,146,74,47,38,142,147,9,24,49,102,95,104,63,90,148,100,18,30,10,3,84,144,44,75,5,79,1,37,11,67,116,130,76,99,83,111,23,82,52,48,106,94,145,12,113,31,143,122,72,54,70,127,135,108,103,97,150,8,117,136,42,80,17,4,27,19,138,141,14,126,15,112,58,109,66,22,129,32,133,29,6,61,73,55,45,65,41,71,34,134,7,28,120,68,51
16,96,125,13,25,91,81,93,132,62,105,64,59,69,86,98,92,123,26,118,121,33,35,40,77,115,137,128,39,36,46,119,2,20,87,43,60,107,140,89,114,53,139,78,101,149,110,56,88,85,124,57,50,21,146,74,47,38,142,147,9,24,49,102,95,104,63,90,148,100,18,30,10,3,84,144,44,75,5,79,1,37,11,67,116,130,76,99,83,111,23,82,52,48,106,94,145,12,113,31,143,122,72,54,70,127,135,108,103,97,150,8,117,136,42,80,17,4,27,19,138,141,14,126,15,112,58,109,66,22,129,32,133,29,6,61,73,55,45,65,41,71,34,134,7,28,120,68,51,131
96,125,13,25,91,81,93,132,62,105,64,59,69,86,98,92,123,26,118,121,33,35,40,77,115,137,128,39,36,46,119,2,20,87,43,60,107,140,89,114,53,139,78,101,149,110,56,88,85,124,57,50,21,146,74,47,38,142,147,9,24,49,102,95,104,63,90,148,100,18,30,10,3,84,144,44,75,5,79,1,37,11,67,116,130,76,99,83,111,23,82,52,48,106,94,145,12,113,31,143,122,72,54,70,127,135,108,103,97,150,8,117,136,42,80,17,4,27,19,138,141,14,126,15,112,58,109,66,22,129,32,133,29,6,61,73,55,45,65,41,71,34,134,7,28,120,68,51,131,16
125,13,25,91,81,93,132,62,105,64,59,69,86,98,92,123,26,118,121,33,35,40,77,115,137,128,39,36,46,119,2,20,87,43,60,107,140,89,114,53,139,78,101,149,110,56,88,85,124,57,50,21,146,74,47,38,142,147,9,24,49,102,95,104,63,90,148,100,18,30,10,3,84,144,44,75,5,79,1,37,11,67,116,130,76,99,83,111,23,82,52,48,106,94,145,12,113,31,143,122,72,54,70,127,135,108,103,97,150,8,117,136,42,80,17,4,27,19,138,141,14,126,15,112,58,109,66,22,129,32,133,29,6,61,73,55,45,65,41,71,34,134,7,28,120,68,51,131,16,96
13,25,91,81,93,132,62,105,64,59,69,86,98,92,123,26,118,121,33,35,40,77,115,137,128,39,36,46,119,2,20,87,43,60,107,140,89,114,53,139,78,101,149,110,56,88,85,124,57,50,21,146,74,47,38,142,147,9,24,49,102,95,104,63,90,148,100,18,30,10,3,84,144,44,75,5,79,1,37,11,67,116,130,76,99,83,111,23,82,52,48,106,94,145,12,113,31,143,122,72,54,70,127,135,108,103,97,150,8,117,136,42,80,17,4,27,19,138,141,14,126,15,112,58,109,66,22,129,32,133,29,6,61,73,55,45,65,41,71,34,134,7,28,120,68,51,131,16,96,125
25,91,81,93,132,62,105,64,59,69,86,98,92,123,26,118,121,33,35,40,77,115,137,128,39,36,46,119,2,20,87,43,60,107,140,89,114,53,139,78,101,149,110,56,88,85,124,57,50,21,146,74,47,38,142,147,9,24,49,102,95,104,63,90,148,100,18,30,10,3,84,144,44,75,5,79,1,37,11,67,116,130,76,99,83,111,23,82,52,48,106,94,145,12,113,31,143,122,72,54,70,127,135,108,103,97,150,8,117,136,42,80,17,4,27,19,138,141,14,126,15,112,58,109,66,22,129,32,133,29,6,61,73,55,45,65,41,71,34,134,7,28,120,68,51,131,16,96,125,13
91,81,93,132,62,105,64,59,69,86,98,92,123,26,118,121,33,35,40,77,115,137,128,39,36,46,119,2,20,87,43,60,107,140,89,114,53,139,78,101,149,110,56,88,85,124,57,50,21,146,74,47,38,142,147,9,24,49,102,95,104,63,90,148,100,18,30,10,3,84,144,44,75,5,79,1,37,11,67,116,130,76,99,83,111,23,82,52,48,106,94,145,12,113,31,143,122,72,54,70,127,135,108,103,97,150,8,117,136,42,80,17,4,27,19,138,141,14,126,15,112,58,109,66,22,129,32,133,29,6,61,73,55,45,65,41,71,34,134,7,28,120,68,51,131,16,96,125,13,25
81,93,132,62,105,64,59,69,86,98,92,123,26,118,121,33,35,40,77,115,137,128,39,36,46,119,2,20,87,43,60,107,140,89,114,53,139,78,101,149,110,56,88,85,124,57,50,21,146,74,47,38,142,147,9,24,49,102,95,104,63,90,148,100,18,30,10,3,84,144,44,75,5,79,1,37,11,67,116,130,76,99,83,111,23,82,52,48,106,94,145,12,113,31,143,122,72,54,70,127,135,108,103,97,150,8,117,136,42,80,17,4,27,19,138,141,14,126,15,112,58,109,66,22,129,32,133,29,6,61,73,55,45,65,41,71,34,134,7,28,120,68,51,131,16,96,125,13,25,91
93,132,62,105,64,59,69,86,98,92,123,26,118,121,33,35,40,77,115,137,128,39,36,46,119,2,20,87,43,60,107,140,89,114,53,139,78,101,149,110,56,88,85,124,57,50,21,146,74,47,38,142,147,9,24,49,102,95,104,63,90,148,100,18,30,10,3,84,144,44,75,5,79,1,37,11,67,116,130,76,99,83,111,23,82,52,48,106,94,145,12,113,31,143,122,72,54,70,127,135,108,103,97,150,8,117,136,42,80,17,4,27,19,138,141,14,126,15,112,58,109,66,22,129,32,133,29,6,61,73,55,45,65,41,71,34,134,7,28,120,68,51,131,16,96,125,13,25,91,81
132,62,105,64,59,69,86,98,92,123,26,118,121,33,35,40,77,115,137,128,39,36,46,119,2,20,87,43,60,107,140,89,114,53,139,78,101,149,110,56,88,85,124,57,50,21,146,74,47,38,142,147,9,24,49,102,95,104,63,90,148,100,18,30,10,3,84,144,44,75,5,79,1,37,11,67,116,130,76,99,83,111,23,82,52,48,106,94,145,12,113,31,143,122,72,54,70,127,135,108,103,97,150,8,117,136,42,80,17,4,27,19,138,141,14,126,15,112,58,109,66,22,129,32,133,29,6,61,73,55,45,65,41,71,34,134,7,28,120,68,51,131,16,96,125,13,25,91,81,93
62,105,64,59,69,86,98,92,123,26,118,121,33,35,40,77,115,137,128,39,36,46,119,2,20,87,43,60,107,140,89,114,53,139,78,101,149,110,56,88,85,124,57,50,21,146,74,47,38,142,147,9,24,49,102,95,104,63,90,148,100,18,30,10,3,84,144,44,75,5,79,1,37,11,67,116,130,76,99,83,111,23,82,52,48,106,94,145,12,113,31,143,122,72,54,70,127,135,108,103,97,150,8,117,136,42,80,17,4,27,19,138,141,14,126,15,112,58,109,66,22,129,32,133,29,6,61,73,55,45,65,41,71,34,134,7,28,120,68,51,131,16,96,125,13,25,91,81,93,132
105,64,59,69,86,98,92,123,26,118,121,33,35,40,77,115,137,128,39,36,46,119,2,20,87,43,60,107,140,89,114,53,139,78,101,149,110,56,88,85,124,57,50,21,146,74,47,38,142,147,9,24,49,102,95,104,63,90,148,100,18,30,10,3,84,144,44,75,5,79,1,37,11,67,116,130,76,99,83,111,23,82,52,48,106,94,145,12,113,31,143,122,72,54,70,127,135,108,103,97,150,8,117,136,42,80,17,4,27,19,138,141,14,126,15,112,58,109,66,22,129,32,133,29,6,61,73,55,45,65,41,71,34,134,7,28,120,68,51,131,16,96,125,13,25,91,81,93,132,62
64,59,69,86,98,92,123,26,118,121,33,35,40,77,115,137,128,39,36,46,119,2,20,87,43,60,107,140,89,114,53,139,78,101,149,110,56,88,85,124,57,50,21,146,74,47,38,142,147,9,24,49,102,95,104,63,90,148,100,18,30,10,3,84,144,44,75,5,79,1,37,11,67,116,130,76,99,83,111,23,82,52,48,106,94,145,12,113,31,143,122,72,54,70,127,135,108,103,97,150,8,117,136,42,80,17,4,27,19,138,141,14,126,15,112,58,109,66,22,129,32,133,29,6,61,73,55,45,65,41,71,34,134,7,28,120,68,51,131,16,96,125,13,25,91,81,93,132,62,105
59,69,86,98,92,123,26,118,121,33,35,40,77,115,137,128,39,36,46,119,2,20,87,43,60,107,140,89,114,53,139,78,101,149,110,56,88,85,124,57,50,21,146,74,47,38,142,147,9,24,49,102,95,104,63,90,148,100,18,30,10,3,84,144,44,75,5,79,1,37,11,67,116,130,76,99,83,111,23,82,52,48,106,94,145,12,113,31,143,122,72,54,70,127,135,108,103,97,150,8,117,136,42,80,17,4,27,19,138,141,14,126,15,112,58,109,66,22,129,32,133,29,6,61,73,55,45,65,41,71,34,134,7,28,120,68,51,131,16,96,125,13,25,91,81,93,132,62,105,64
69,86,98,92,123,26,118,121,33,35,40,77,115,137,128,39,36,46,119,2,20,87,43,60,107,140,89,114,53,139,78,101,149,110,56,88,85,124,57,50,21,146,74,47,38,142,147,9,24,49,102,95,104,63,90,148,100,18,30,10,3,84,144,44,75,5,79,1,37,11,67,116,130,76,99,83,111,23,82,52,48,106,94,145,12,113,31,143,122,72,54,70,127,135,108,103,97,150,8,117,136,42,80,17,4,27,19,138,141,14,126,15,112,58,109,66,22,129,32,133,29,6,61,73,55,45,65,41,71,34,134,7,28,120,68,51,131,16,96,125,13,25,91,81,93,132,62,105,64,59
86,98,92,123,26,118,121,33,35,40,77,115,137,128,39,36,46,119,2,20,87,43,60,107,140,89,114,53,139,78,101,149,110,56,88,85,124,57,50,21,146,74,47,38,142,147,9,24,49,102,95,104,63,90,148,100,18,30,10,3,84,144,44,75,5,79,1,37,11,67,116,130,76,99,83,111,23,82,52,48,106,94,145,12,113,31,143,122,72,54,70,127,135,108,103,97,150,8,117,136,42,80,17,4,27,19,138,141,14,126,15,112,58,109,66,22,129,32,133,29,6,61,73,55,45,65,41,71,34,134,7,28,120,68,51,131,16,96,125,13,25,91,81,93,132,62,105,64,59,69
98,92,123,26,118,121,33,35,40,77,115,137,128,39,36,46,119,2,20,87,43,60,107,140,89,114,53,139,78,101,149,110,56,88,85,124,57,50,21,146,74,47,38,142,147,9,24,49,102,95,104,63,90,148,100,18,30,10,3,84,144,44,75,5,79,1,37,11,67,116,130,76,99,83,111,23,82,52,48,106,94,145,12,113,31,143,122,72,54,70,127,135,108,103,97,150,8,117,136,42,80,17,4,27,19,138,141,14,126,15,112,58,109,66,22,129,32,133,29,6,61,73,55,45,65,41,71,34,134,7,28,120,68,51,131,16,96,125,13,25,91,81,93,132,62,105,64,59,69,86
92,123,26,118,121,33,35,40,77,115,137,128,39,36,46,119,2,20,87,43,60,107,140,89,114,53,139,78,101,149,110,56,88,85,124,57,50,21,146,74,47,38,142,147,9,24,49,102,95,104,63,90,148,100,18,30,10,3,84,144,44,75,5,79,1,37,11,67,116,130,76,99,83,111,23,82,52,48,106,94,145,12,113,31,143,122,72,54,70,127,135,108,103,97,150,8,117,136,42,80,17,4,27,19,138,141,14,126,15,112,58,109,66,22,129,32,133,29,6,61,73,55,45,65,41,71,34,134,7,28,120,68,51,131,16,96,125,13,25,91,81,93,132,62,105,64,59,69,86,98
123,26,118,121,33,35,40,77,115,137,128,39,36,46,119,2,20,87,43,60,107,140,89,114,53,139,78,101,149,110,56,88,85,124,57,50,21,146,74,47,38,142,147,9,24,49,102,95,104,63,90,148,100,18,30,10,3,84,144,44,75,5,79,1,37,11,67,116,130,76,99,83,111,23,82,52,48,106,94,145,12,113,31,143,122,72,54,70,127,135,108,103,97,150,8,117,136,42,80,17,4,27,19,138,141,14,126,15,112,58,109,66,22,129,32,133,29,6,61,73,55,45,65,41,71,34,134,7,28,120,68,51,131,16,96,125,13,25,91,81,93,132,62,105,64,59,69,86,98,92
26,118,121,33,35,40,77,115,137,128,39,36,46,119,2,20,87,43,60,107,140,89,114,53,139,78,101,149,110,56,88,85,124,57,50,21,146,74,47,38,142,147,9,24,49,102,95,104,63,90,148,100,18,30,10,3,84,144,44,75,5,79,1,37,11,67,116,130,76,99,83,111,23,82,52,48,106,94,145,12,113,31,143,122,72,54,70,127,135,108,103,97,150,8,117,136,42,80,17,4,27,19,138,141,14,126,15,112,58,109,66,22,129,32,133,29,6,61,73,55,45,65,41,71,34,134,7,28,120,68,51,131,16,96,125,13,25,91,81,93,132,62,105,64,59,69,86,98,92,123
118,121,33,35,40,77,115,137,128,39,36,46,119,2,20,87,43,60,107,140,89,114,53,139,78,101,149,110,56,88,85,124,57,50,21,146,74,47,38,142,147,9,24,49,102,95,104,63,90,148,100,18,30,10,3,84,144,44,75,5,79,1,37,11,67,116,130,76,99,83,111,23,82,52,48,106,94,145,12,113,31,143,122,72,54,70,127,135,108,103,97,150,8,117,136,42,80,17,4,27,19,138,141,14,126,15,112,58,109,66,22,129,32,133,29,6,61,73,55,45,65,41,71,34,134,7,28,120,68,51,131,16,96,125,13,25,91,81,93,132,62,105,64,59,69,86,98,92,123,26
121,33,35,40,77,115,137,128,39,36,46,119,2,20,87,43,60,107,140,89,114,53,139,78,101,149,110,56,88,85,124,57,50,21,146,74,47,38,142,147,9,24,49,102,95,104,63,90,148,100,18,30,10,3,84,144,44,75,5,79,1,37,11,67,116,130,76,99,83,111,23,82,52,48,106,94,145,12,113,31,143,122,72,54,70,127,135,108,103,97,150,8,117,136,42,80,17,4,27,19,138,141,14,126,15,112,58,109,66,22,129,32,133,29,6,61,73,55,45,65,41,71,34,134,7,28,120,68,51,131,16,96,125,13,25,91,81,93,132,62,105,64,59,69,86,98,92,123,26,118
33,35,40,77,115,137,128,39,36,46,119,2,20,87,43,60,107,140,89,114,53,139,78,101,149,110,56,88,85,124,57,50,21,146,74,47,38,142,147,9,24,49,102,95,104,63,90,148,100,18,30,10,3,84,144,44,75,5,79,1,37,11,67,116,130,76,99,83,111,23,82,52,48,106,94,145,12,113,31,143,122,72,54,70,127,135,108,103,97,150,8,117,136,42,80,17,4,27,19,138,141,14,126,15,112,58,109,66,22,129,32,133,29,6,61,73,55,45,65,41,71,34,134,7,28,120,68,51,131,16,96,125,13,25,91,81,93,132,62,105,64,59,69,86,98,92,123,26,118,121
35,40,77,115,137,128,39,36,46,119,2,20,87,43,60,107,140,89,114,53,139,78,101,149,110,56,88,85,124,57,50,21,146,74,47,38,142,147,9,24,49,102,95,104,63,90,148,100,18,30,10,3,84,144,44,75,5,79,1,37,11,67,116,130,76,99,83,111,23,82,52,48,106,94,145,12,113,31,143,122,72,54,70,127,135,108,103,97,150,8,117,136,42,80,17,4,27,19,138,141,14,126,15,112,58,109,66,22,129,32,133,29,6,61,73,55,45,65,41,71,34,134,7,28,120,68,51,131,16,96,125,13,25,91,81,93,132,62,105,64,59,69,86,98,92,123,26,118,121,33
40,77,115,137,128,39,36,46,119,2,20,87,43,60,107,140,89,114,53,139,78,101,149,110,56,88,85,124,57,50,21,146,74,47,38,142,147,9,24,49,102,95,104,63,90,148,100,18,30,10,3,84,144,44,75,5,79,1,37,11,67,116,130,76,99,83,111,23,82,52,48,106,94,145,12,113,31,143,122,72,54,70,127,135,108,103,97,150,8,117,136,42,80,17,4,27,19,138,141,14,126,15,112,58,109,66,22,129,32,133,29,6,61,73,55,45,65,41,71,34,134,7,28,120,68,51,131,16,96,125,13,25,91,81,93,132,62,105,64,59,69,86,98,92,123,26,118,121,33,35
77,115,137,128,39,36,46,119,2,20,87,43,60,107,140,89,114,53,139,78,101,149,110,56,88,85,124,57,50,21,146,74,47,38,142,147,9,24,49,102,95,104,63,90,148,100,18,30,10,3,84,144,44,75,5,79,1,37,11,67,116,130,76,99,83,111,23,82,52,48,106,94,145,12,113,31,143,122,72,54,70,127,135,108,103,97,150,8,117,136,42,80,17,4,27,19,138,141,14,126,15,112,58,109,66,22,129,32,133,29,6,61,73,55,45,65,41,71,34,134,7,28,120,68,51,131,16,96,125,13,25,91,81,93,132,62,105,64,59,69,86,98,92,123,26,118,121,33,35,40
115,137,128,39,36,46,119,2,20,87,43,60,107,140,89,114,53,139,78,101,149,110,56,88,85,124,57,50,21,146,74,47,38,142,147,9,24,49,102,95,104,63,90,148,100,18,30,10,3,84,144,44,75,5,79,1,37,11,67,116,130,76,99,83,111,23,82,52,48,106,94,145,12,113,31,143,122,72,54,70,127,135,108,103,97,150,8,117,136,42,80,17,4,27,19,138,141,14,126,15,112,58,109,66,22,129,32,133,29,6,61,73,55,45,65,41,71,34,134,7,28,120,68,51,131,16,96,125,13,25,91,81,93,132,62,105,64,59,69,86,98,92,123,26,118,121,33,35,40,77
137,128,39,36,46,119,2,20,87,43,60,107,140,89,114,53,139,78,101,149,110,56,88,85,124,57,50,21,146,74,47,38,142,147,9,24,49,102,95,104,63,90,148,100,18,30,10,3,84,144,44,75,5,79,1,37,11,67,116,130,76,99,83,111,23,82,52,48,106,94,145,12,113,31,143,122,72,54,70,127,135,108,103,97,150,8,117,136,42,80,17,4,27,19,138,141,14,126,15,112,58,109,66,22,129,32,133,29,6,61,73,55,45,65,41,71,34,134,7,28,120,68,51,131,16,96,125,13,25,91,81,93,132,62,105,64,59,69,86,98,92,123,26,118,121,33,35,40,77,115
128,39,36,46,119,2,20,87,43,60,107,140,89,114,53,139,78,101,149,110,56,88,85,124,57,50,21,146,74,47,38,142,147,9,24,49,102,95,104,63,90,148,100,18,30,10,3,84,144,44,75,5,79,1,37,11,67,116,130,76,99,83,111,23,82,52,48,106,94,145,12,113,31,143,122,72,54,70,127,135,108,103,97,150,8,117,136,42,80,17,4,27,19,138,141,14,126,15,112,58,109,66,22,129,32,133,29,6,61,73,55,45,65,41,71,34,134,7,28,120,68,51,131,16,96,125,13,25,91,81,93,132,62,105,64,59,69,86,98,92,123,26,118,121,33,35,40,77,115,137
39,36,46,119,2,20,87,43,60,107,140,89,114,53,139,78,101,149,110,56,88,85,124,57,50,21,146,74,47,38,142,147,9,24,49,102,95,104,63,90,148,100,18,30,10,3,84,144,44,75,5,79,1,37,11,67,116,130,76,99,83,111,23,82,52,48,106,94,145,12,113,31,143,122,72,54,70,127,135,108,103,97,150,8,117,136,42,80,17,4,27,19,138,141,14,126,15,112,58,109,66,22,129,32,133,29,6,61,73,55,45,65,41,71,34,134,7,28,120,68,51,131,16,96,125,13,25,91,81,93,132,62,105,64,59,69,86,98,92,123,26,118,121,33,35,40,77,115,137,128
36,46,119,2,20,87,43,60,107,140,89,114,53,139,78,101,149,110,56,88,85,124,57,50,21,146,74,47,38,142,147,9,24,49,102,95,104,63,90,148,100,18,30,10,3,84,144,44,75,5,79,1,37,11,67,116,130,76,99,83,111,23,82,52,48,106,94,145,12,113,31,143,122,72,54,70,127,135,108,103,97,150,8,117,136,42,80,17,4,27,19,138,141,14,126,15,112,58,109,66,22,129,32,133,29,6,61,73,55,45,65,41,71,34,134,7,28,120,68,51,131,16,96,125,13,25,91,81,93,132,62,105,64,59,69,86,98,92,123,26,118,121,33,35,40,77,115,137,128,39
46,119,2,20,87,43,60,107,140,89,114,53,139,78,101,149,110,56,88,85,124,57,50,21,146,74,47,38,142,147,9,24,49,102,95,104,63,90,148,100,18,30,10,3,84,144,44,75,5,79,1,37,11,67,116,130,76,99,83,111,23,82,52,48,106,94,145,12,113,31,143,122,72,54,70,127,135,108,103,97,150,8,117,136,42,80,17,4,27,19,138,141,14,126,15,112,58,109,66,22,129,32,133,29,6,61,73,55,45,65,41,71,34,134,7,28,120,68,51,131,16,96,125,13,25,91,81,93,132,62,105,64,59,69,86,98,92,123,26,118,121,33,35,40,77,115,137,128,39,36
119,2,20,87,43,60,107,140,89,114,53,139,78,101,149,110,56,88,85,124,57,50,21,146,74,47,38,142,147,9,24,49,102,95,104,63,90,148,100,18,30,10,3,84,144,44,75,5,79,1,37,11,67,116,130,76,99,83,111,23,82,52,48,106,94,145,12,113,31,143,122,72,54,70,127,135,108,103,97,150,8,117,136,42,80,17,4,27,19,138,141,14,126,15,112,58,109,66,22,129,32,133,29,6,61,73,55,45,65,41,71,34,134,7,28,120,68,51,131,16,96,125,13,25,91,81,93,132,62,105,64,59,69,86,98,92,123,26,118,121,33,35,40,77,115,137,128,39,36,46
2,20,87,43,60,107,140,89,114,53,139,78,101,149,110,56,88,85,124,57,50,21,146,74,47,38,142,147,9,24,49,102,95,104,63,90,148,100,18,30,10,3,84,144,44,75,5,79,1,37,11,67,116,130,76,99,83,111,23,82,52,48,106,94,145,12,113,31,143,122,72,54,70,127,135,108,103,97,150,8,117,136,42,80,17,4,27,19,138,141,14,126,15,112,58,109,66,22,129,32,133,29,6,61,73,55,45,65,41,71,34,134,7,28,120,68,51,131,16,96,125,13,25,91,81,93,132,62,105,64,59,69,86,98,92,123,26,118,121,33,35,40,77,115,137,128,39,36,46,119
20,87,43,60,107,140,89,114,53,139,78,101,149,110,56,88,85,124,57,50,21,146,74,47,38,142,147,9,24,49,102,95,104,63,90,148,100,18,30,10,3,84,144,44,75,5,79,1,37,11,67,116,130,76,99,83,111,23,82,52,48,106,94,145,12,113,31,143,122,72,54,70,127,135,108,103,97,150,8,117,136,42,80,17,4,27,19,138,141,14,126,15,112,58,109,66,22,129,32,133,29,6,61,73,55,45,65,41,71,34,134,7,28,120,68,51,131,16,96,125,13,25,91,81,93,132,62,105,64,59,69,86,98,92,123,26,118,121,33,35,40,77,115,137,128,39,36,46,119,2
87,43,60,107,140,89,114,53,139,78,101,149,110,56,88,85,124,57,50,21,146,74,47,38,142,147,9,24,49,102,95,104,63,90,148,100,18,30,10,3,84,144,44,75,5,79,1,37,11,67,116,130,76,99,83,111,23,82,52,48,106,94,145,12,113,31,143,122,72,54,70,127,135,108,103,97,150,8,117,136,42,80,17,4,27,19,138,141,14,126,15,112,58,109,66,22,129,32,133,29,6,61,73,55,45,65,41,71,34,134,7,28,120,68,51,131,16,96,125,13,25,91,81,93,132,62,105,64,59,69,86,98,92,123,26,118,121,33,35,40,77,115,137,128,39,36,46,119,2,20
43,60,107,140,89,114,53,139,78,101,149,110,56,88,85,124,57,50,21,146,74,47,38,142,147,9,24,49,102,95,104,63,90,148,100,18,30,10,3,84,144,44,75,5,79,1,37,11,67,116,130,76,99,83,111,23,82,52,48,106,94,145,12,113,31,143,122,72,54,70,127,135,108,103,97,150,8,117,136,42,80,17,4,27,19,138,141,14,126,15,112,58,109,66,22,129,32,133,29,6,61,73,55,45,65,41,71,34,134,7,28,120,68,51,131,16,96,125,13,25,91,81,93,132,62,105,64,59,69,86,98,92,123,26,118,121,33,35,40,77,115,137,128,39,36,46,119,2,20,87
60,107,140,89,114,53,139,78,101,149,110,56,88,85,124,57,50,21,146,74,47,38,142,147,9,24,49,102,95,104,63,90,148,100,18,30,10,3,84,144,44,75,5,79,1,37,11,67,116,130,76,99,83,111,23,82,52,48,106,94,145,12,113,31,143,122,72,54,70,127,135,108,103,97,150,8,117,136,42,80,17,4,27,19,138,141,14,126,15,112,58,109,66,22,129,32,133,29,6,61,73,55,45,65,41,71,34,134,7,28,120,68,51,131,16,96,125,13,25,91,81,93,132,62,105,64,59,69,86,98,92,123,26,118,121,33,35,40,77,115,137,128,39,36,46,119,2,20,87,43
107,140,89,114,53,139,78,101,149,110,56,88,85,124,57,50,21,146,74,47,38,142,147,9,24,49,102,95,104,63,90,148,100,18,30,10,3,84,144,44,75,5,79,1,37,11,67,116,130,76,99,83,111,23,82,52,48,106,94,145,12,113,31,143,122,72,54,70,127,135,108,103,97,150,8,117,136,42,80,17,4,27,19,138,141,14,126,15,112,58,109,66,22,129,32,133,29,6,61,73,55,45,65,41,71,34,134,7,28,120,68,51,131,16,96,125,13,25,91,81,93,132,62,105,64,59,69,86,98,92,123,26,118,121,33,35,40,77,115,137,128,39,36,46,119,2,20,87,43,60
140,89,114,53,139,78,101,149,110,56,88,85,124,57,50,21,146,74,47,38,142,147,9,24,49,102,95,104,63,90,148,100,18,30,10,3,84,144,44,75,5,79,1,37,11,67,116,130,76,99,83,111,23,82,52,48,106,94,145,12,113,31,143,122,72,54,70,127,135,108,103,97,150,8,117,136,42,80,17,4,27,19,138,141,14,126,15,112,58,109,66,22,129,32,133,29,6,61,73,55,45,65,41,71,34,134,7,28,120,68,51,131,16,96,125,13,25,91,81,93,132,62,105,64,59,69,86,98,92,123,26,118,121,33,35,40,77,115,137,128,39,36,46,119,2,20,87,43,60,107
89,114,53,139,78,101,149,110,56,88,85,124,57,50,21,146,74,47,38,142,147,9,24,49,102,95,104,63,90,148,100,18,30,10,3,84,144,44,75,5,79,1,37,11,67,116,130,76,99,83,111,23,82,52,48,106,94,145,12,113,31,143,122,72,54,70,127,135,108,103,97,150,8,117,136,42,80,17,4,27,19,138,141,14,126,15,112,58,109,66,22,129,32,133,29,6,61,73,55,45,65,41,71,34,134,7,28,120,68,51,131,16,96,125,13,25,91,81,93,132,62,105,64,59,69,86,98,92,123,26,118,121,33,35,40,77,115,137,128,39,36,46,119,2,20,87,43,60,107,140
114,53,139,78,101,149,110,56,88,85,124,57,50,21,146,74,47,38,142,147,9,24,49,102,95,104,63,90,148,100,18,30,10,3,84,144,44,75,5,79,1,37,11,67,116,130,76,99,83,111,23,82,52,48,106,94,145,12,113,31,143,122,72,54,70,127,135,108,103,97,150,8,117,136,42,80,17,4,27,19,138,141,14,126,15,112,58,109,66,22,129,32,133,29,6,61,73,55,45,65,41,71,34,134,7,28,120,68,51,131,16,96,125,13,25,91,81,93,132,62,105,64,59,69,86,98,92,123,26,118,121,33,35,40,77,115,137,128,39,36,46,119,2,20,87,43,60,107,140,89
53,139,78,101,149,110,56,88,85,124,57,50,21,146,74,47,38,142,147,9,24,49,102,95,104,63,90,148,100,18,30,10,3,84,144,44,75,5,79,1,37,11,67,116,130,76,99,83,111,23,82,52,48,106,94,145,12,113,31,143,122,72,54,70,127,135,108,103,97,150,8,117,136,42,80,17,4,27,19,138,141,14,126,15,112,58,109,66,22,129,32,133,29,6,61,73,55,45,65,41,71,34,134,7,28,120,68,51,131,16,96,125,13,25,91,81,93,132,62,105,64,59,69,86,98,92,123,26,118,121,33,35,40,77,115,137,128,39,36,46,119,2,20,87,43,60,107,140,89,114
139,78,101,149,110,56,88,85,124,57,50,21,146,74,47,38,142,147,9,24,49,102,95,104,63,90,148,100,18,30,10,3,84,144,44,75,5,79,1,37,11,67,116,130,76,99,83,111,23,82,52,48,106,94,145,12,113,31,143,122,72,54,70,127,135,108,103,97,150,8,117,136,42,80,17,4,27,19,138,141,14,126,15,112,58,109,66,22,129,32,133,29,6,61,73,55,45,65,41,71,34,134,7,28,120,68,51,131,16,96,125,13,25,91,81,93,132,62,105,64,59,69,86,98,92,123,26,118,121,33,35,40,77,115,137,128,39,36,46,119,2,20,87,43,60,107,140,89,114,53
78,101,149,110,56,88,85,124,57,50,21,146,74,47,38,142,147,9,24,49,102,95,104,63,90,148,100,18,30,10,3,84,144,44,75,5,79,1,37,11,67,116,130,76,99,83,111,23,82,52,48,106,94,145,12,113,31,143,122,72,54,70,127,135,108,103,97,150,8,117,136,42,80,17,4,27,19,138,141,14,126,15,112,58,109,66,22,129,32,133,29,6,61,73,55,45,65,41,71,34,134,7,28,120,68,51,131,16,96,125,13,25,91,81,93,132,62,105,64,59,69,86,98,92,123,26,118,121,33,35,40,77,115,137,128,39,36,46,119,2,20,87,43,60,107,140,89,114,53,139
101,149,110,56,88,85,124,57,50,21,146,74,47,38,142,147,9,24,49,102,95,104,63,90,148,100,18,30,10,3,84,144,44,75,5,79,1,37,11,67,116,130,76,99,83,111,23,82,52,48,106,94,145,12,113,31,143,122,72,54,70,127,135,108,103,97,150,8,117,136,42,80,17,4,27,19,138,141,14,126,15,112,58,109,66,22,129,32,133,29,6,61,73,55,45,65,41,71,34,134,7,28,120,68,51,131,16,96,125,13,25,91,81,93,132,62,105,64,59,69,86,98,92,123,26,118,121,33,35,40,77,115,137,128,39,36,46,119,2,20,87,43,60,107,140,89,114,53,139,78
149,110,56,88,85,124,57,50,21,146,74,47,38,142,147,9,24,49,102,95,104,63,90,148,100,18,30,10,3,84,144,44,75,5,79,1,37,11,67,116,130,76,99,83,111,23,82,52,48,106,94,145,12,113,31,143,122,72,54,70,127,135,108,103,97,150,8,117,136,42,80,17,4,27,19,138,141,14,126,15,112,58,109,66,22,129,32,133,29,6,61,73,55,45,65,41,71,34,134,7,28,120,68,51,131,16,96,125,13,25,91,81,93,132,62,105,64,59,69,86,98,92,123,26,118,121,33,35,40,77,115,137,128,39,36,46,119,2,20,87,43,60,107,140,89,114,53,139,78,101
110,56,88,85,124,57,50,21,146,74,47,38,142,147,9,24,49,102,95,104,63,90,148,100,18,30,10,3,84,144,44,75,5,79,1,37,11,67,116,130,76,99,83,111,23,82,52,48,106,94,145,12,113,31,143,122,72,54,70,127,135,108,103,97,150,8,117,136,42,80,17,4,27,19,138,141,14,126,15,112,58,109,66,22,129,32,133,29,6,61,73,55,45,65,41,71,34,134,7,28,120,68,51,131,16,96,125,13,25,91,81,93,132,62,105,64,59,69,86,98,92,123,26,118,121,33,35,40,77,115,137,128,39,36,46,119,2,20,87,43,60,107,140,89,114,53,139,78,101,149
56,88,85,124,57,50,21,146,74,47,38,142,147,9,24,49,102,95,104,63,90,148,100,18,30,10,3,84,144,44,75,5,79,1,37,11,67,116,130,76,99,83,111,23,82,52,48,106,94,145,12,113,31,143,122,72,54,70,127,135,108,103,97,150,8,117,136,42,80,17,4,27,19,138,141,14,126,15,112,58,109,66,22,129,32,133,29,6,61,73,55,45,65,41,71,34,134,7,28,120,68,51,131,16,96,125,13,25,91,81,93,132,62,105,64,59,69,86,98,92,123,26,118,121,33,35,40,77,115,137,128,39,36,46,119,2,20,87,43,60,107,140,89,114,53,139,78,101,149,110
88,85,124,57,50,21,146,74,47,38,142,147,9,24,49,102,95,104,63,90,148,100,18,30,10,3,84,144,44,75,5,79,1,37,11,67,116,130,76,99,83,111,23,82,52,48,106,94,145,12,113,31,143,122,72,54,70,127,135,108,103,97,150,8,117,136,42,80,17,4,27,19,138,141,14,126,15,112,58,109,66,22,129,32,133,29,6,61,73,55,45,65,41,71,34,134,7,28,120,68,51,131,16,96,125,13,25,91,81,93,132,62,105,64,59,69,86,98,92,123,26,118,121,33,35,40,77,115,137,128,39,36,46,119,2,20,87,43,60,107,140,89,114,53,139,78,101,149,110,56
85,124,57,50,21,146,74,47,38,142,147,9,24,49,102,95,104,63,90,148,100,18,30,10,3,84,144,44,75,5,79,1,37,11,67,116,130,76,99,83,111,23,82,52,48,106,94,145,12,113,31,143,122,72,54,70,127,135,108,103,97,150,8,117,136,42,80,17,4,27,19,138,141,14,126,15,112,58,109,66,22,129,32,133,29,6,61,73,55,45,65,41,71,34,134,7,28,120,68,51,131,16,96,125,13,25,91,81,93,132,62,105,64,59,69,86,98,92,123,26,118,121,33,35,40,77,115,137,128,39,36,46,119,2,20,87,43,60,107,140,89,114,53,139,78,101,149,110,56,88
124,57,50,21,146,74,47,38,142,147,9,24,49,102,95,104,63,90,148,100,18,30,10,3,84,144,44,75,5,79,1,37,11,67,116,130,76,99,83,111,23,82,52,48,106,94,145,12,113,31,143,122,72,54,70,127,135,108,103,97,150,8,117,136,42,80,17,4,27,19,138,141,14,126,15,112,58,109,66,22,129,32,133,29,6,61,73,55,45,65,41,71,34,134,7,28,120,68,51,131,16,96,125,13,25,91,81,93,132,62,105,64,59,69,86,98,92,123,26,118,121,33,35,40,77,115,137,128,39,36,46,119,2,20,87,43,60,107,140,89,114,53,139,78,101,149,110,56,88,85
57,50,21,146,74,47,38,142,147,9,24,49,102,95,104,63,90,148,100,18,30,10,3,84,144,44,75,5,79,1,37,11,67,116,130,76,99,83,111,23,82,52,48,106,94,145,12,113,31,143,122,72,54,70,127,135,108,103,97,150,8,117,136,42,80,17,4,27,19,138,141,14,126,15,112,58,109,66,22,129,32,133,29,6,61,73,55,45,65,41,71,34,134,7,28,120,68,51,131,16,96,125,13,25,91,81,93,132,62,105,64,59,69,86,98,92,123,26,118,121,33,35,40,77,115,137,128,39,36,46,119,2,20,87,43,60,107,140,89,114,53,139,78,101,149,110,56,88,85,124
50,21,146,74,47,38,142,147,9,24,49,102,95,104,63,90,148,100,18,30,10,3,84,144,44,75,5,79,1,37,11,67,116,130,76,99,83,111,23,82,52,48,106,94,145,12,113,31,143,122,72,54,70,127,135,108,103,97,150,8,117,136,42,80,17,4,27,19,138,141,14,126,15,112,58,109,66,22,129,32,133,29,6,61,73,55,45,65,41,71,34,134,7,28,120,68,51,131,16,96,125,13,25,91,81,93,132,62,105,64,59,69,86,98,92,123,26,118,121,33,35,40,77,115,137,128,39,36,46,119,2,20,87,43,60,107,140,89,114,53,139,78,101,149,110,56,88,85,124,57
21,146,74,47,38,142,147,9,24,49,102,95,104,63,90,148,100,18,30,10,3,84,144,44,75,5,79,1,37,11,67,116,130,76,99,83,111,23,82,52,48,106,94,145,12,113,31,143,122,72,54,70,127,135,108,103,97,150,8,117,136,42,80,17,4,27,19,138,141,14,126,15,112,58,109,66,22,129,32,133,29,6,61,73,55,45,65,41,71,34,134,7,28,120,68,51,131,16,96,125,13,25,91,81,93,132,62,105,64,59,69,86,98,92,123,26,118,121,33,35,40,77,115,137,128,39,36,46,119,2,20,87,43,60,107,140,89,114,53,139,78,101,149,110,56,88,85,124,57,50
146,74,47,38,142,147,9,24,49,102,95,104,63,90,148,100,18,30,10,3,84,144,44,75,5,79,1,37,11,67,116,130,76,99,83,111,23,82,52,48,106,94,145,12,113,31,143,122,72,54,70,127,135,108,103,97,150,8,117,136,42,80,17,4,27,19,138,141,14,126,15,112,58,109,66,22,129,32,133,29,6,61,73,55,45,65,41,71,34,134,7,28,120,68,51,131,16,96,125,13,25,91,81,93,132,62,105,64,59,69,86,98,92,123,26,118,121,33,35,40,77,115,137,128,39,36,46,119,2,20,87,43,60,107,140,89,114,53,139,78,101,149,110,56,88,85,124,57,50,21
74,47,38,142,147,9,24,49,102,95,104,63,90,148,100,18,30,10,3,84,144,44,75,5,79,1,37,11,67,116,130,76,99,83,111,23,82,52,48,106,94,145,12,113,31,143,122,72,54,70,127,135,108,103,97,150,8,117,136,42,80,17,4,27,19,138,141,14,126,15,112,58,109,66,22,129,32,133,29,6,61,73,55,45,65,41,71,34,134,7,28,120,68,51,131,16,96,125,13,25,91,81,93,132,62,105,64,59,69,86,98,92,123,26,118,121,33,35,40,77,115,137,128,39,36,46,119,2,20,87,43,60,107,140,89,114,53,139,78,101,149,110,56,88,85,124,57,50,21,146
47,38,142,147,9,24,49,102,95,104,63,90,148,100,18,30,10,3,84,144,44,75,5,79,1,37,11,67,116,130,76,99,83,111,23,82,52,48,106,94,145,12,113,31,143,122,72,54,70,127,135,108,103,97,150,8,117,136,42,80,17,4,27,19,138,141,14,126,15,112,58,109,66,22,129,32,133,29,6,61,73,55,45,65,41,71,34,134,7,28,120,68,51,131,16,96,125,13,25,91,81,93,132,62,105,64,59,69,86,98,92,123,26,118,121,33,35,40,77,115,137,128,39,36,46,119,2,20,87,43,60,107,140,89,114,53,139,78,101,149,110,56,88,85,124,57,50,21,146,74
38,142,147,9,24,49,102,95,104,63,90,148,100,18,30,10,3,84,144,44,75,5,79,1,37,11,67,116,130,76,99,83,111,23,82,52,48,106,94,145,12,113,31,143,122,72,54,70,127,135,108,103,97,150,8,117,136,42,80,17,4,27,19,138,141,14,126,15,112,58,109,66,22,129,32,133,29,6,61,73,55,45,65,41,71,34,134,7,28,120,68,51,131,16,96,125,13,25,91,81,93,132,62,105,64,59,69,86,98,92,123,26,118,121,33,35,40,77,115,137,128,39,36,46,119,2,20,87,43,60,107,140,89,114,53,139,78,101,149,110,56,88,85,124,57,50,21,146,74,47
142,147,9,24,49,102,95,104,63,90,148,100,18,30,10,3,84,144,44,75,5,79,1,37,11,67,116,130,76,99,83,111,23,82,52,48,106,94,145,12,113,31,143,122,72,54,70,127,135,108,103,97,150,8,117,136,42,80,17,4,27,19,138,141,14,126,15,112,58,109,66,22,129,32,133,29,6,61,73,55,45,65,41,71,34,134,7,28,120,68,51,131,16,96,125,13,25,91,81,93,132,62,105,64,59,69,86,98,92,123,26,118,121,33,35,40,77,115,137,128,39,36,46,119,2,20,87,43,60,107,140,89,114,53,139,78,101,149,110,56,88,85,124,57,50,21,146,74,47,38
147,9,24,49,102,95,104,63,90,148,100,18,30,10,3,84,144,44,75,5,79,1,37,11,67,116,130,76,99,83,111,23,82,52,48,106,94,145,12,113,31,143,122,72,54,70,127,135,108,103,97,150,8,117,136,42,80,17,4,27,19,138,141,14,126,15,112,58,109,66,22,129,32,133,29,6,61,73,55,45,65,41,71,34,134,7,28,120,68,51,131,16,96,125,13,25,91,81,93,132,62,105,64,59,69,86,98,92,123,26,118,121,33,35,40,77,115,137,128,39,36,46,119,2,20,87,43,60,107,140,89,114,53,139,78,101,149,110,56,88,85,124,57,50,21,146,74,47,38,142
9,24,49,102,95,104,63,90,148,100,18,30,10,3,84,144,44,75,5,79,1,37,11,67,116,130,76,99,83,111,23,82,52,48,106,94,145,12,113,31,143,122,72,54,70,127,135,108,103,97,150,8,117,136,42,80,17,4,27,19,138,141,14,126,15,112,58,109,66,22,129,32,133,29,6,61,73,55,45,65,41,71,34,134,7,28,120,68,51,131,16,96,125,13,25,91,81,93,132,62,105,64,59,69,86,98,92,123,26,118,121,33,35,40,77,115,137,128,39,36,46,119,2,20,87,43,60,107,140,89,114,53,139,78,101,149,110,56,88,85,124,57,50,21,146,74,47,38,142,147
24,49,102,95,104,63,90,148,100,18,30,10,3,84,144,44,75,5,79,1,37,11,67,116,130,76,99,83,111,23,82,52,48,106,94,145,12,113,31,143,122,72,54,70,127,135,108,103,97,150,8,117,136,42,80,17,4,27,19,138,141,14,126,15,112,58,109,66,22,129,32,133,29,6,61,73,55,45,65,41,71,34,134,7,28,120,68,51,131,16,96,125,13,25,91,81,93,132,62,105,64,59,69,86,98,92,123,26,118,121,33,35,40,77,115,137,128,39,36,46,119,2,20,87,43,60,107,140,89,114,53,139,78,101,149,110,56,88,85,124,57,50,21,146,74,47,38,142,147,9
49,102,95,104,63,90,148,100,18,30,10,3,84,144,44,75,5,79,1,37,11,67,116,130,76,99,83,111,23,82,52,48,106,94,145,12,113,31,143,122,72,54,70,127,135,108,103,97,150,8,117,136,42,80,17,4,27,19,138,141,14,126,15,112,58,109,66,22,129,32,133,29,6,61,73,55,45,65,41,71,34,134,7,28,120,68,51,131,16,96,125,13,25,91,81,93,132,62,105,64,59,69,86,98,92,123,26,118,121,33,35,40,77,115,137,128,39,36,46,119,2,20,87,43,60,107,140,89,114,53,139,78,101,149,110,56,88,85,124,57,50,21,146,74,47,38,142,147,9,24
102,95,104,63,90,148,100,18,30,10,3,84,144,44,75,5,79,1,37,11,67,116,130,76,99,83,111,23,82,52,48,106,94,145,12,113,31,143,122,72,54,70,127,135,108,103,97,150,8,117,136,42,80,17,4,27,19,138,141,14,126,15,112,58,109,66,22,129,32,133,29,6,61,73,55,45,65,41,71,34,134,7,28,120,68,51,131,16,96,125,13,25,91,81,93,132,62,105,64,59,69,86,98,92,123,26,118,121,33,35,40,77,115,137,128,39,36,46,119,2,20,87,43,60,107,140,89,114,53,139,78,101,149,110,56,88,85,124,57,50,21,146,74,47,38,142,147,9,24,49
95,104,63,90,148,100,18,30,10,3,84,144,44,75,5,79,1,37,11,67,116,130,76,99,83,111,23,82,52,48,106,94,145,12,113,31,143,122,72,54,70,127,135,108,103,97,150,8,117,136,42,80,17,4,27,19,138,141,14,126,15,112,58,109,66,22,129,32,133,29,6,61,73,55,45,65,41,71,34,134,7,28,120,68,51,131,16,96,125,13,25,91,81,93,132,62,105,64,59,69,86,98,92,123,26,118,121,33,35,40,77,115,137,128,39,36,46,119,2,20,87,43,60,107,140,89,114,53,139,78,101,149,110,56,88,85,124,57,50,21,146,74,47,38,142,147,9,24,49,102
104,63,90,148,100,18,30,10,3,84,144,44,75,5,79,1,37,11,67,116,130,76,99,83,111,23,82,52,48,106,94,145,12,113,31,143,122,72,54,70,127,135,108,103,97,150,8,117,136,42,80,17,4,27,19,138,141,14,126,15,112,58,109,66,22,129,32,133,29,6,61,73,55,45,65,41,71,34,134,7,28,120,68,51,131,16,96,125,13,25,91,81,93,132,62,105,64,59,69,86,98,92,123,26,118,121,33,35,40,77,115,137,128,39,36,46,119,2,20,87,43,60,107,140,89,114,53,139,78,101,149,110,56,88,85,124,57,50,21,146,74,47,38,142,147,9,24,49,102,95
