89,45,138,13,28,32,142,27,129,139,94,44,98,131,81,127,30,150,134,118,10,135,117,122,145,68,53,37,114,76,19,99,17,60,29,42,21,84,115,120,79,55,59,69,48,88,95,74,65,58,100,62,7,43,132,15,1,137,121,36,103,119,23,108,83,14,18,31,72,57,73,46,128,34,51,2,112,39,87,12,125,148,75,113,9,16,143,91,4,38,92,77,63,64,86,20,71,50,136,144,8,133,141,124,24,11,41,126,85,96,109,110,35,116,33,80,61,111,82,102,67,25,104,78,105,147,149,26,101,66,49,22,47,40,56,5,3,93,70,123,90,97,140,52,106,107,54,6,146,130
45,138,13,28,32,142,27,129,139,94,44,98,131,81,127,30,150,134,118,10,135,117,122,145,68,53,37,114,76,19,99,17,60,29,42,21,84,115,120,79,55,59,69,48,88,95,74,65,58,100,62,7,43,132,15,1,137,121,36,103,119,23,108,83,14,18,31,72,57,73,46,128,34,51,2,112,39,87,12,125,148,75,113,9,16,143,91,4,38,92,77,63,64,86,20,71,50,136,144,8,133,141,124,24,11,41,126,85,96,109,110,35,116,33,80,61,111,82,102,67,25,104,78,105,147,149,26,101,66,49,22,47,40,56,5,3,93,70,123,90,97,140,52,106,107,54,6,146,130,89
138,13,28,32,142,27,129,139,94,44,98,131,81,127,30,150,134,118,10,135,117,122,145,68,53,37,114,76,19,99,17,60,29,42,21,84,115,120,79,55,59,69,48,88,95,74,65,58,100,62,7,43,132,15,1,137,121,36,103,119,23,108,83,14,18,31,72,57,73,46,128,34,51,2,112,39,87,12,125,148,75,113,9,16,143,91,4,38,92,77,63,64,86,20,71,50,136,144,8,133,141,124,24,11,41,126,85,96,109,110,35,116,33,80,61,111,82,102,67,25,104,78,105,147,149,26,101,66,49,22,47,40,56,5,3,93,70,123,90,97,140,52,106,107,54,6,146,130,89,45
13,28,32,142,27,129,139,94,44,98,131,81,127,30,150,134,118,10,135,117,122,145,68,53,37,114,76,19,99,17,60,29,42,21,84,115,120,79,55,59,69,48,88,95,74,65,58,100,62,7,43,132,15,1,137,121,36,103,119,23,108,83,14,18,31,72,57,73,46,128,34,51,2,112,39,87,12,125,148,75,113,9,16,143,91,4,38,92,77,63,64,86,20,71,50,136,144,8,133,141,124,24,11,41,126,85,96,109,110,35,116,33,80,61,111,82,102,67,25,104,78,105,147,149,26,101,66,49,22,47,40,56,5,3,93,70,123,90,97,140,52,106,107,54,6,146,130,89,45,138
28,32,142,27,129,139,94,44,98,131,81,127,30,150,134,118,10,135,117,122,145,68,53,37,114,76,19,99,17,60,29,42,21,84,115,120,79,55,59,69,48,88,95,74,65,58,100,62,7,43,132,15,1,137,121,36,103,119,23,108,83,14,18,31,72,57,73,46,128,34,51,2,112,39,87,12,125,148,75,113,9,16,143,91,4,38,92,77,63,64,86,20,71,50,136,144,8,133,141,124,24,11,41,126,85,96,109,110,35,116,33,80,61,111,82,102,67,25,104,78,105,147,149,26,101,66,49,22,47,40,56,5,3,93,70,123,90,97,140,52,106,107,54,6,146,130,89,45,138,13
32,142,27,129,139,94,44,98,131,81,127,30,150,134,118,10,135,117,122,145,68,53,37,114,76,19,99,17,60,29,42,21,84,115,120,79,55,59,69,48,88,95,74,65,58,100,62,7,43,132,15,1,137,121,36,103,119,23,108,83,14,18,31,72,57,73,46,128,34,51,2,112,39,87,12,125,148,75,113,9,16,143,91,4,38,92,77,63,64,86,20,71,50,136,144,8,133,141,124,24,11,41,126,85,96,109,110,35,116,33,80,61,111,82,102,67,25,104,78,105,147,149,26,101,66,49,22,47,40,56,5,3,93,70,123,90,97,140,52,106,107,54,6,146,130,89,45,138,13,28
142,27,129,139,94,44,98,131,81,127,30,150,134,118,10,135,117,122,145,68,53,37,114,76,19,99,17,60,29,42,21,84,115,120,79,55,59,69,48,88,95,74,65,58,100,62,7,43,132,15,1,137,121,36,103,119,23,108,83,14,18,31,72,57,73,46,128,34,51,2,112,39,87,12,125,148,75,113,9,16,143,91,4,38,92,77,63,64,86,20,71,50,136,144,8,133,141,124,24,11,41,126,85,96,109,110,35,116,33,80,61,111,82,102,67,25,104,78,105,147,149,26,101,66,49,22,47,40,56,5,3,93,70,123,90,97,140,52,106,107,54,6,146,130,89,45,138,13,28,32
27,129,139,94,44,98,131,81,127,30,150,134,118,10,135,117,122,145,68,53,37,114,76,19,99,17,60,29,42,21,84,115,120,79,55,59,69,48,88,95,74,65,58,100,62,7,43,132,15,1,137,121,36,103,119,23,108,83,14,18,31,72,57,73,46,128,34,51,2,112,39,87,12,125,148,75,113,9,16,143,91,4,38,92,77,63,64,86,20,71,50,136,144,8,133,141,124,24,11,41,126,85,96,109,110,35,116,33,80,61,111,82,102,67,25,104,78,105,147,149,26,101,66,49,22,47,40,56,5,3,93,70,123,90,97,140,52,106,107,54,6,146,130,89,45,138,13,28,32,142
129,139,94,44,98,131,81,127,30,150,134,118,10,135,117,122,145,68,53,37,114,76,19,99,17,60,29,42,21,84,115,120,79,55,59,69,48,88,95,74,65,58,100,62,7,43,132,15,1,137,121,36,103,119,23,108,83,14,18,31,72,57,73,46,128,34,51,2,112,39,87,12,125,148,75,113,9,16,143,91,4,38,92,77,63,64,86,20,71,50,136,144,8,133,141,124,24,11,41,126,85,96,109,110,35,116,33,80,61,111,82,102,67,25,104,78,105,147,149,26,101,66,49,22,47,40,56,5,3,93,70,123,90,97,140,52,106,107,54,6,146,130,89,45,138,13,28,32,142,27
139,94,44,98,131,81,127,30,150,134,118,10,135,117,122,145,68,53,37,114,76,19,99,17,60,29,42,21,84,115,120,79,55,59,69,48,88,95,74,65,58,100,62,7,43,132,15,1,137,121,36,103,119,23,108,83,14,18,31,72,57,73,46,128,34,51,2,112,39,87,12,125,148,75,113,9,16,143,91,4,38,92,77,63,64,86,20,71,50,136,144,8,133,141,124,24,11,41,126,85,96,109,110,35,116,33,80,61,111,82,102,67,25,104,78,105,147,149,26,101,66,49,22,47,40,56,5,3,93,70,123,90,97,140,52,106,107,54,6,146,130,89,45,138,13,28,32,142,27,129
94,44,98,131,81,127,30,150,134,118,10,135,117,122,145,68,53,37,114,76,19,99,17,60,29,42,21,84,115,120,79,55,59,69,48,88,95,74,65,58,100,62,7,43,132,15,1,137,121,36,103,119,23,108,83,14,18,31,72,57,73,46,128,34,51,2,112,39,87,12,125,148,75,113,9,16,143,91,4,38,92,77,63,64,86,20,71,50,136,144,8,133,141,124,24,11,41,126,85,96,109,110,35,116,33,80,61,111,82,102,67,25,104,78,105,147,149,26,101,66,49,22,47,40,56,5,3,93,70,123,90,97,140,52,106,107,54,6,146,130,89,45,138,13,28,32,142,27,129,139
44,98,131,81,127,30,150,134,118,10,135,117,122,145,68,53,37,114,76,19,99,17,60,29,42,21,84,115,120,79,55,59,69,48,88,95,74,65,58,100,62,7,43,132,15,1,137,121,36,103,119,23,108,83,14,18,31,72,57,73,46,128,34,51,2,112,39,87,12,125,148,75,113,9,16,143,91,4,38,92,77,63,64,86,20,71,50,136,144,8,133,141,124,24,11,41,126,85,96,109,110,35,116,33,80,61,111,82,102,67,25,104,78,105,147,149,26,101,66,49,22,47,40,56,5,3,93,70,123,90,97,140,52,106,107,54,6,146,130,89,45,138,13,28,32,142,27,129,139,94
98,131,81,127,30,150,134,118,10,135,117,122,145,68,53,37,114,76,19,99,17,60,29,42,21,84,115,120,79,55,59,69,48,88,95,74,65,58,100,62,7,43,132,15,1,137,121,36,103,119,23,108,83,14,18,31,72,57,73,46,128,34,51,2,112,39,87,12,125,148,75,113,9,16,143,91,4,38,92,77,63,64,86,20,71,50,136,144,8,133,141,124,24,11,41,126,85,96,109,110,35,116,33,80,61,111,82,102,67,25,104,78,105,147,149,26,101,66,49,22,47,40,56,5,3,93,70,123,90,97,140,52,106,107,54,6,146,130,89,45,138,13,28,32,142,27,129,139,94,44
131,81,127,30,150,134,118,10,135,117,122,145,68,53,37,114,76,19,99,17,60,29,42,21,84,115,120,79,55,59,69,48,88,95,74,65,58,100,62,7,43,132,15,1,137,121,36,103,119,23,108,83,14,18,31,72,57,73,46,128,34,51,2,112,39,87,12,125,148,75,113,9,16,143,91,4,38,92,77,63,64,86,20,71,50,136,144,8,133,141,124,24,11,41,126,85,96,109,110,35,116,33,80,61,111,82,102,67,25,104,78,105,147,149,26,101,66,49,22,47,40,56,5,3,93,70,123,90,97,140,52,106,107,54,6,146,130,89,45,138,13,28,32,142,27,129,139,94,44,98
81,127,30,150,134,118,10,135,117,122,145,68,53,37,114,76,19,99,17,60,29,42,21,84,115,120,79,55,59,69,48,88,95,74,65,58,100,62,7,43,132,15,1,137,121,36,103,119,23,108,83,14,18,31,72,57,73,46,128,34,51,2,112,39,87,12,125,148,75,113,9,16,143,91,4,38,92,77,63,64,86,20,71,50,136,144,8,133,141,124,24,11,41,126,85,96,109,110,35,116,33,80,61,111,82,102,67,25,104,78,105,147,149,26,101,66,49,22,47,40,56,5,3,93,70,123,90,97,140,52,106,107,54,6,146,130,89,45,138,13,28,32,142,27,129,139,94,44,98,131
127,30,150,134,118,10,135,117,122,145,68,53,37,114,76,19,99,17,60,29,42,21,84,115,120,79,55,59,69,48,88,95,74,65,58,100,62,7,43,132,15,1,137,121,36,103,119,23,108,83,14,18,31,72,57,73,46,128,34,51,2,112,39,87,12,125,148,75,113,9,16,143,91,4,38,92,77,63,64,86,20,71,50,136,144,8,133,141,124,24,11,41,126,85,96,109,110,35,116,33,80,61,111,82,102,67,25,104,78,105,147,149,26,101,66,49,22,47,40,56,5,3,93,70,123,90,97,140,52,106,107,54,6,146,130,89,45,138,13,28,32,142,27,129,139,94,44,98,131,81
30,150,134,118,10,135,117,122,145,68,53,37,114,76,19,99,17,60,29,42,21,84,115,120,79,55,59,69,48,88,95,74,65,58,100,62,7,43,132,15,1,137,121,36,103,119,23,108,83,14,18,31,72,57,73,46,128,34,51,2,112,39,87,12,125,148,75,113,9,16,143,91,4,38,92,77,63,64,86,20,71,50,136,144,8,133,141,124,24,11,41,126,85,96,109,110,35,116,33,80,61,111,82,102,67,25,104,78,105,147,149,26,101,66,49,22,47,40,56,5,3,93,70,123,90,97,140,52,106,107,54,6,146,130,89,45,138,13,28,32,142,27,129,139,94,44,98,131,81,127
150,134,118,10,135,117,122,145,68,53,37,114,76,19,99,17,60,29,42,21,84,115,120,79,55,59,69,48,88,95,74,65,58,100,62,7,43,132,15,1,137,121,36,103,119,23,108,83,14,18,31,72,57,73,46,128,34,51,2,112,39,87,12,125,148,75,113,9,16,143,91,4,38,92,77,63,64,86,20,71,50,136,144,8,133,141,124,24,11,41,126,85,96,109,110,35,116,33,80,61,111,82,102,67,25,104,78,105,147,149,26,101,66,49,22,47,40,56,5,3,93,70,123,90,97,140,52,106,107,54,6,146,130,89,45,138,13,28,32,142,27,129,139,94,44,98,131,81,127,30
134,118,10,135,117,122,145,68,53,37,114,76,19,99,17,60,29,42,21,84,115,120,79,55,59,69,48,88,95,74,65,58,100,62,7,43,132,15,1,137,121,36,103,119,23,108,83,14,18,31,72,57,73,46,128,34,51,2,112,39,87,12,125,148,75,113,9,16,143,91,4,38,92,77,63,64,86,20,71,50,136,144,8,133,141,124,24,11,41,126,85,96,109,110,35,116,33,80,61,111,82,102,67,25,104,78,105,147,149,26,101,66,49,22,47,40,56,5,3,93,70,123,90,97,140,52,106,107,54,6,146,130,89,45,138,13,28,32,142,27,129,139,94,44,98,131,81,127,30,150
118,10,135,117,122,145,68,53,37,114,76,19,99,17,60,29,42,21,84,115,120,79,55,59,69,48,88,95,74,65,58,100,62,7,43,132,15,1,137,121,36,103,119,23,108,83,14,18,31,72,57,73,46,128,34,51,2,112,39,87,12,125,148,75,113,9,16,143,91,4,38,92,77,63,64,86,20,71,50,136,144,8,133,141,124,24,11,41,126,85,96,109,110,35,116,33,80,61,111,82,102,67,25,104,78,105,147,149,26,101,66,49,22,47,40,56,5,3,93,70,123,90,97,140,52,106,107,54,6,146,130,89,45,138,13,28,32,142,27,129,139,94,44,98,131,81,127,30,150,134
10,135,117,122,145,68,53,37,114,76,19,99,17,60,29,42,21,84,115,120,79,55,59,69,48,88,95,74,65,58,100,62,7,43,132,15,1,137,121,36,103,119,23,108,83,14,18,31,72,57,73,46,128,34,51,2,112,39,87,12,125,148,75,113,9,16,143,91,4,38,92,77,63,64,86,20,71,50,136,144,8,133,141,124,24,11,41,126,85,96,109,110,35,116,33,80,61,111,82,102,67,25,104,78,105,147,149,26,101,66,49,22,47,40,56,5,3,93,70,123,90,97,140,52,106,107,54,6,146,130,89,45,138,13,28,32,142,27,129,139,94,44,98,131,81,127,30,150,134,118
135,117,122,145,68,53,37,114,76,19,99,17,60,29,42,21,84,115,120,79,55,59,69,48,88,95,74,65,58,100,62,7,43,132,15,1,137,121,36,103,119,23,108,83,14,18,31,72,57,73,46,128,34,51,2,112,39,87,12,125,148,75,113,9,16,143,91,4,38,92,77,63,64,86,20,71,50,136,144,8,133,141,124,24,11,41,126,85,96,109,110,35,116,33,80,61,111,82,102,67,25,104,78,105,147,149,26,101,66,49,22,47,40,56,5,3,93,70,123,90,97,140,52,106,107,54,6,146,130,89,45,138,13,28,32,142,27,129,139,94,44,98,131,81,127,30,150,134,118,10
117,122,145,68,53,37,114,76,19,99,17,60,29,42,21,84,115,120,79,55,59,69,48,88,95,74,65,58,100,62,7,43,132,15,1,137,121,36,103,119,23,108,83,14,18,31,72,57,73,46,128,34,51,2,112,39,87,12,125,148,75,113,9,16,143,91,4,38,92,77,63,64,86,20,71,50,136,144,8,133,141,124,24,11,41,126,85,96,109,110,35,116,33,80,61,111,82,102,67,25,104,78,105,147,149,26,101,66,49,22,47,40,56,5,3,93,70,123,90,97,140,52,106,107,54,6,146,130,89,45,138,13,28,32,142,27,129,139,94,44,98,131,81,127,30,150,134,118,10,135
122,145,68,53,37,114,76,19,99,17,60,29,42,21,84,115,120,79,55,59,69,48,88,95,74,65,58,100,62,7,43,132,15,1,137,121,36,103,119,23,108,83,14,18,31,72,57,73,46,128,34,51,2,112,39,87,12,125,148,75,113,9,16,143,91,4,38,92,77,63,64,86,20,71,50,136,144,8,133,141,124,24,11,41,126,85,96,109,110,35,116,33,80,61,111,82,102,67,25,104,78,105,147,149,26,101,66,49,22,47,40,56,5,3,93,70,123,90,97,140,52,106,107,54,6,146,130,89,45,138,13,28,32,142,27,129,139,94,44,98,131,81,127,30,150,134,118,10,135,117
145,68,53,37,114,76,19,99,17,60,29,42,21,84,115,120,79,55,59,69,48,88,95,74,65,58,100,62,7,43,132,15,1,137,121,36,103,119,23,108,83,14,18,31,72,57,73,46,128,34,51,2,112,39,87,12,125,148,75,113,9,16,143,91,4,38,92,77,63,64,86,20,71,50,136,144,8,133,141,124,24,11,41,126,85,96,109,110,35,116,33,80,61,111,82,102,67,25,104,78,105,147,149,26,101,66,49,22,47,40,56,5,3,93,70,123,90,97,140,52,106,107,54,6,146,130,89,45,138,13,28,32,142,27,129,139,94,44,98,131,81,127,30,150,134,118,10,135,117,122
68,53,37,114,76,19,99,17,60,29,42,21,84,115,120,79,55,59,69,48,88,95,74,65,58,100,62,7,43,132,15,1,137,121,36,103,119,23,108,83,14,18,31,72,57,73,46,128,34,51,2,112,39,87,12,125,148,75,113,9,16,143,91,4,38,92,77,63,64,86,20,71,50,136,144,8,133,141,124,24,11,41,126,85,96,109,110,35,116,33,80,61,111,82,102,67,25,104,78,105,147,149,26,101,66,49,22,47,40,56,5,3,93,70,123,90,97,140,52,106,107,54,6,146,130,89,45,138,13,28,32,142,27,129,139,94,44,98,131,81,127,30,150,134,118,10,135,117,122,145
53,37,114,76,19,99,17,60,29,42,21,84,115,120,79,55,59,69,48,88,95,74,65,58,100,62,7,43,132,15,1,137,121,36,103,119,23,108,83,14,18,31,72,57,73,46,128,34,51,2,112,39,87,12,125,148,75,113,9,16,143,91,4,38,92,77,63,64,86,20,71,50,136,144,8,133,141,124,24,11,41,126,85,96,109,110,35,116,33,80,61,111,82,102,67,25,104,78,105,147,149,26,101,66,49,22,47,40,56,5,3,93,70,123,90,97,140,52,106,107,54,6,146,130,89,45,138,13,28,32,142,27,129,139,94,44,98,131,81,127,30,150,134,118,10,135,117,122,145,68
37,114,76,19,99,17,60,29,42,21,84,115,120,79,55,59,69,48,88,95,74,65,58,100,62,7,43,132,15,1,137,121,36,103,119,23,108,83,14,18,31,72,57,73,46,128,34,51,2,112,39,87,12,125,148,75,113,9,16,143,91,4,38,92,77,63,64,86,20,71,50,136,144,8,133,141,124,24,11,41,126,85,96,109,110,35,116,33,80,61,111,82,102,67,25,104,78,105,147,149,26,101,66,49,22,47,40,56,5,3,93,70,123,90,97,140,52,106,107,54,6,146,130,89,45,138,13,28,32,142,27,129,139,94,44,98,131,81,127,30,150,134,118,10,135,117,122,145,68,53
114,76,19,99,17,60,29,42,21,84,115,120,79,55,59,69,48,88,95,74,65,58,100,62,7,43,132,15,1,137,121,36,103,119,23,108,83,14,18,31,72,57,73,46,128,34,51,2,112,39,87,12,125,148,75,113,9,16,143,91,4,38,92,77,63,64,86,20,71,50,136,144,8,133,141,124,24,11,41,126,85,96,109,110,35,116,33,80,61,111,82,102,67,25,104,78,105,147,149,26,101,66,49,22,47,40,56,5,3,93,70,123,90,97,140,52,106,107,54,6,146,130,89,45,138,13,28,32,142,27,129,139,94,44,98,131,81,127,30,150,134,118,10,135,117,122,145,68,53,37
76,19,99,17,60,29,42,21,84,115,120,79,55,59,69,48,88,95,74,65,58,100,62,7,43,132,15,1,137,121,36,103,119,23,108,83,14,18,31,72,57,73,46,128,34,51,2,112,39,87,12,125,148,75,113,9,16,143,91,4,38,92,77,63,64,86,20,71,50,136,144,8,133,141,124,24,11,41,126,85,96,109,110,35,116,33,80,61,111,82,102,67,25,104,78,105,147,149,26,101,66,49,22,47,40,56,5,3,93,70,123,90,97,140,52,106,107,54,6,146,130,89,45,138,13,28,32,142,27,129,139,94,44,98,131,81,127,30,150,134,118,10,135,117,122,145,68,53,37,114
19,99,17,60,29,42,21,84,115,120,79,55,59,69,48,88,95,74,65,58,100,62,7,43,132,15,1,137,121,36,103,119,23,108,83,14,18,31,72,57,73,46,128,34,51,2,112,39,87,12,125,148,75,113,9,16,143,91,4,38,92,77,63,64,86,20,71,50,136,144,8,133,141,124,24,11,41,126,85,96,109,110,35,116,33,80,61,111,82,102,67,25,104,78,105,147,149,26,101,66,49,22,47,40,56,5,3,93,70,123,90,97,140,52,106,107,54,6,146,130,89,45,138,13,28,32,142,27,129,139,94,44,98,131,81,127,30,150,134,118,10,135,117,122,145,68,53,37,114,76
99,17,60,29,42,21,84,115,120,79,55,59,69,48,88,95,74,65,58,100,62,7,43,132,15,1,137,121,36,103,119,23,108,83,14,18,31,72,57,73,46,128,34,51,2,112,39,87,12,125,148,75,113,9,16,143,91,4,38,92,77,63,64,86,20,71,50,136,144,8,133,141,124,24,11,41,126,85,96,109,110,35,116,33,80,61,111,82,102,67,25,104,78,105,147,149,26,101,66,49,22,47,40,56,5,3,93,70,123,90,97,140,52,106,107,54,6,146,130,89,45,138,13,28,32,142,27,129,139,94,44,98,131,81,127,30,150,134,118,10,135,117,122,145,68,53,37,114,76,19
17,60,29,42,21,84,115,120,79,55,59,69,48,88,95,74,65,58,100,62,7,43,132,15,1,137,121,36,103,119,23,108,83,14,18,31,72,57,73,46,128,34,51,2,112,39,87,12,125,148,75,113,9,16,143,91,4,38,92,77,63,64,86,20,71,50,136,144,8,133,141,124,24,11,41,126,85,96,109,110,35,116,33,80,61,111,82,102,67,25,104,78,105,147,149,26,101,66,49,22,47,40,56,5,3,93,70,123,90,97,140,52,106,107,54,6,146,130,89,45,138,13,28,32,142,27,129,139,94,44,98,131,81,127,30,150,134,118,10,135,117,122,145,68,53,37,114,76,19,99
60,29,42,21,84,115,120,79,55,59,69,48,88,95,74,65,58,100,62,7,43,132,15,1,137,121,36,103,119,23,108,83,14,18,31,72,57,73,46,128,34,51,2,112,39,87,12,125,148,75,113,9,16,143,91,4,38,92,77,63,64,86,20,71,50,136,144,8,133,141,124,24,11,41,126,85,96,109,110,35,116,33,80,61,111,82,102,67,25,104,78,105,147,149,26,101,66,49,22,47,40,56,5,3,93,70,123,90,97,140,52,106,107,54,6,146,130,89,45,138,13,28,32,142,27,129,139,94,44,98,131,81,127,30,150,134,118,10,135,117,122,145,68,53,37,114,76,19,99,17
29,42,21,84,115,120,79,55,59,69,48,88,95,74,65,58,100,62,7,43,132,15,1,137,121,36,103,119,23,108,83,14,18,31,72,57,73,46,128,34,51,2,112,39,87,12,125,148,75,113,9,16,143,91,4,38,92,77,63,64,86,20,71,50,136,144,8,133,141,124,24,11,41,126,85,96,109,110,35,116,33,80,61,111,82,102,67,25,104,78,105,147,149,26,101,66,49,22,47,40,56,5,3,93,70,123,90,97,140,52,106,107,54,6,146,130,89,45,138,13,28,32,142,27,129,139,94,44,98,131,81,127,30,150,134,118,10,135,117,122,145,68,53,37,114,76,19,99,17,60
42,21,84,115,120,79,55,59,69,48,88,95,74,65,58,100,62,7,43,132,15,1,137,121,36,103,119,23,108,83,14,18,31,72,57,73,46,128,34,51,2,112,39,87,12,125,148,75,113,9,16,143,91,4,38,92,77,63,64,86,20,71,50,136,144,8,133,141,124,24,11,41,126,85,96,109,110,35,116,33,80,61,111,82,102,67,25,104,78,105,147,149,26,101,66,49,22,47,40,56,5,3,93,70,123,90,97,140,52,106,107,54,6,146,130,89,45,138,13,28,32,142,27,129,139,94,44,98,131,81,127,30,150,134,118,10,135,117,122,145,68,53,37,114,76,19,99,17,60,29
21,84,115,120,79,55,59,69,48,88,95,74,65,58,100,62,7,43,132,15,1,137,121,36,103,119,23,108,83,14,18,31,72,57,73,46,128,34,51,2,112,39,87,12,125,148,75,113,9,16,143,91,4,38,92,77,63,64,86,20,71,50,136,144,8,133,141,124,24,11,41,126,85,96,109,110,35,116,33,80,61,111,82,102,67,25,104,78,105,147,149,26,101,66,49,22,47,40,56,5,3,93,70,123,90,97,140,52,106,107,54,6,146,130,89,45,138,13,28,32,142,27,129,139,94,44,98,131,81,127,30,150,134,118,10,135,117,122,145,68,53,37,114,76,19,99,17,60,29,42
84,115,120,79,55,59,69,48,88,95,74,65,58,100,62,7,43,132,15,1,137,121,36,103,119,23,108,83,14,18,31,72,57,73,46,128,34,51,2,112,39,87,12,125,148,75,113,9,16,143,91,4,38,92,77,63,64,86,20,71,50,136,144,8,133,141,124,24,11,41,126,85,96,109,110,35,116,33,80,61,111,82,102,67,25,104,78,105,147,149,26,101,66,49,22,47,40,56,5,3,93,70,123,90,97,140,52,106,107,54,6,146,130,89,45,138,13,28,32,142,27,129,139,94,44,98,131,81,127,30,150,134,118,10,135,117,122,145,68,53,37,114,76,19,99,17,60,29,42,21
115,120,79,55,59,69,48,88,95,74,65,58,100,62,7,43,132,15,1,137,121,36,103,119,23,108,83,14,18,31,72,57,73,46,128,34,51,2,112,39,87,12,125,148,75,113,9,16,143,91,4,38,92,77,63,64,86,20,71,50,136,144,8,133,141,124,24,11,41,126,85,96,109,110,35,116,33,80,61,111,82,102,67,25,104,78,105,147,149,26,101,66,49,22,47,40,56,5,3,93,70,123,90,97,140,52,106,107,54,6,146,130,89,45,138,13,28,32,142,27,129,139,94,44,98,131,81,127,30,150,134,118,10,135,117,122,145,68,53,37,114,76,19,99,17,60,29,42,21,84
120,79,55,59,69,48,88,95,74,65,58,100,62,7,43,132,15,1,137,121,36,103,119,23,108,83,14,18,31,72,57,73,46,128,34,51,2,112,39,87,12,125,148,75,113,9,16,143,91,4,38,92,77,63,64,86,20,71,50,136,144,8,133,141,124,24,11,41,126,85,96,109,110,35,116,33,80,61,111,82,102,67,25,104,78,105,147,149,26,101,66,49,22,47,40,56,5,3,93,70,123,90,97,140,52,106,107,54,6,146,130,89,45,138,13,28,32,142,27,129,139,94,44,98,131,81,127,30,150,134,118,10,135,117,122,145,68,53,37,114,76,19,99,17,60,29,42,21,84,115
79,55,59,69,48,88,95,74,65,58,100,62,7,43,132,15,1,137,121,36,103,119,23,108,83,14,18,31,72,57,73,46,128,34,51,2,112,39,87,12,125,148,75,113,9,16,143,91,4,38,92,77,63,64,86,20,71,50,136,144,8,133,141,124,24,11,41,126,85,96,109,110,35,116,33,80,61,111,82,102,67,25,104,78,105,147,149,26,101,66,49,22,47,40,56,5,3,93,70,123,90,97,140,52,106,107,54,6,146,130,89,45,138,13,28,32,142,27,129,139,94,44,98,131,81,127,30,150,134,118,10,135,117,122,145,68,53,37,114,76,19,99,17,60,29,42,21,84,115,120
55,59,69,48,88,95,74,65,58,100,62,7,43,132,15,1,137,121,36,103,119,23,108,83,14,18,31,72,57,73,46,128,34,51,2,112,39,87,12,125,148,75,113,9,16,143,91,4,38,92,77,63,64,86,20,71,50,136,144,8,133,141,124,24,11,41,126,85,96,109,110,35,116,33,80,61,111,82,102,67,25,104,78,105,147,149,26,101,66,49,22,47,40,56,5,3,93,70,123,90,97,140,52,106,107,54,6,146,130,89,45,138,13,28,32,142,27,129,139,94,44,98,131,81,127,30,150,134,118,10,135,117,122,145,68,53,37,114,76,19,99,17,60,29,42,21,84,115,120,79
59,69,48,88,95,74,65,58,100,62,7,43,132,15,1,137,121,36,103,119,23,108,83,14,18,31,72,57,73,46,128,34,51,2,112,39,87,12,125,148,75,113,9,16,143,91,4,38,92,77,63,64,86,20,71,50,136,144,8,133,141,124,24,11,41,126,85,96,109,110,35,116,33,80,61,111,82,102,67,25,104,78,105,147,149,26,101,66,49,22,47,40,56,5,3,93,70,123,90,97,140,52,106,107,54,6,146,130,89,45,138,13,28,32,142,27,129,139,94,44,98,131,81,127,30,150,134,118,10,135,117,122,145,68,53,37,114,76,19,99,17,60,29,42,21,84,115,120,79,55
69,48,88,95,74,65,58,100,62,7,43,132,15,1,137,121,36,103,119,23,108,83,14,18,31,72,57,73,46,128,34,51,2,112,39,87,12,125,148,75,113,9,16,143,91,4,38,92,77,63,64,86,20,71,50,136,144,8,133,141,124,24,11,41,126,85,96,109,110,35,116,33,80,61,111,82,102,67,25,104,78,105,147,149,26,101,66,49,22,47,40,56,5,3,93,70,123,90,97,140,52,106,107,54,6,146,130,89,45,138,13,28,32,142,27,129,139,94,44,98,131,81,127,30,150,134,118,10,135,117,122,145,68,53,37,114,76,19,99,17,60,29,42,21,84,115,120,79,55,59
48,88,95,74,65,58,100,62,7,43,132,15,1,137,121,36,103,119,23,108,83,14,18,31,72,57,73,46,128,34,51,2,112,39,87,12,125,148,75,113,9,16,143,91,4,38,92,77,63,64,86,20,71,50,136,144,8,133,141,124,24,11,41,126,85,96,109,110,35,116,33,80,61,111,82,102,67,25,104,78,105,147,149,26,101,66,49,22,47,40,56,5,3,93,70,123,90,97,140,52,106,107,54,6,146,130,89,45,138,13,28,32,142,27,129,139,94,44,98,131,81,127,30,150,134,118,10,135,117,122,145,68,53,37,114,76,19,99,17,60,29,42,21,84,115,120,79,55,59,69
88,95,74,65,58,100,62,7,43,132,15,1,137,121,36,103,119,23,108,83,14,18,31,72,57,73,46,128,34,51,2,112,39,87,12,125,148,75,113,9,16,143,91,4,38,92,77,63,64,86,20,71,50,136,144,8,133,141,124,24,11,41,126,85,96,109,110,35,116,33,80,61,111,82,102,67,25,104,78,105,147,149,26,101,66,49,22,47,40,56,5,3,93,70,123,90,97,140,52,106,107,54,6,146,130,89,45,138,13,28,32,142,27,129,139,94,44,98,131,81,127,30,150,134,118,10,135,117,122,145,68,53,37,114,76,19,99,17,60,29,42,21,84,115,120,79,55,59,69,48
95,74,65,58,100,62,7,43,132,15,1,137,121,36,103,119,23,108,83,14,18,31,72,57,73,46,128,34,51,2,112,39,87,12,125,148,75,113,9,16,143,91,4,38,92,77,63,64,86,20,71,50,136,144,8,133,141,124,24,11,41,126,85,96,109,110,35,116,33,80,61,111,82,102,67,25,104,78,105,147,149,26,101,66,49,22,47,40,56,5,3,93,70,123,90,97,140,52,106,107,54,6,146,130,89,45,138,13,28,32,142,27,129,139,94,44,98,131,81,127,30,150,134,118,10,135,117,122,145,68,53,37,114,76,19,99,17,60,29,42,21,84,115,120,79,55,59,69,48,88
74,65,58,100,62,7,43,132,15,1,137,121,36,103,119,23,108,83,14,18,31,72,57,73,46,128,34,51,2,112,39,87,12,125,148,75,113,9,16,143,91,4,38,92,77,63,64,86,20,71,50,136,144,8,133,141,124,24,11,41,126,85,96,109,110,35,116,33,80,61,111,82,102,67,25,104,78,105,147,149,26,101,66,49,22,47,40,56,5,3,93,70,123,90,97,140,52,106,107,54,6,146,130,89,45,138,13,28,32,142,27,129,139,94,44,98,131,81,127,30,150,134,118,10,135,117,122,145,68,53,37,114,76,19,99,17,60,29,42,21,84,115,120,79,55,59,69,48,88,95
65,58,100,62,7,43,132,15,1,137,121,36,103,119,23,108,83,14,18,31,72,57,73,46,128,34,51,2,112,39,87,12,125,148,75,113,9,16,143,91,4,38,92,77,63,64,86,20,71,50,136,144,8,133,141,124,24,11,41,126,85,96,109,110,35,116,33,80,61,111,82,102,67,25,104,78,105,147,149,26,101,66,49,22,47,40,56,5,3,93,70,123,90,97,140,52,106,107,54,6,146,130,89,45,138,13,28,32,142,27,129,139,94,44,98,131,81,127,30,150,134,118,10,135,117,122,145,68,53,37,114,76,19,99,17,60,29,42,21,84,115,120,79,55,59,69,48,88,95,74
58,100,62,7,43,132,15,1,137,121,36,103,119,23,108,83,14,18,31,72,57,73,46,128,34,51,2,112,39,87,12,125,148,75,113,9,16,143,91,4,38,92,77,63,64,86,20,71,50,136,144,8,133,141,124,24,11,41,126,85,96,109,110,35,116,33,80,61,111,82,102,67,25,104,78,105,147,149,26,101,66,49,22,47,40,56,5,3,93,70,123,90,97,140,52,106,107,54,6,146,130,89,45,138,13,28,32,142,27,129,139,94,44,98,131,81,127,30,150,134,118,10,135,117,122,145,68,53,37,114,76,19,99,17,60,29,42,21,84,115,120,79,55,59,69,48,88,95,74,65
100,62,7,43,132,15,1,137,121,36,103,119,23,108,83,14,18,31,72,57,73,46,128,34,51,2,112,39,87,12,125,148,75,113,9,16,143,91,4,38,92,77,63,64,86,20,71,50,136,144,8,133,141,124,24,11,41,126,85,96,109,110,35,116,33,80,61,111,82,102,67,25,104,78,105,147,149,26,101,66,49,22,47,40,56,5,3,93,70,123,90,97,140,52,106,107,54,6,146,130,89,45,138,13,28,32,142,27,129,139,94,44,98,131,81,127,30,150,134,118,10,135,117,122,145,68,53,37,114,76,19,99,17,60,29,42,21,84,115,120,79,55,59,69,48,88,95,74,65,58
62,7,43,132,15,1,137,121,36,103,119,23,108,83,14,18,31,72,57,73,46,128,34,51,2,112,39,87,12,125,148,75,113,9,16,143,91,4,38,92,77,63,64,86,20,71,50,136,144,8,133,141,124,24,11,41,126,85,96,109,110,35,116,33,80,61,111,82,102,67,25,104,78,105,147,149,26,101,66,49,22,47,40,56,5,3,93,70,123,90,97,140,52,106,107,54,6,146,130,89,45,138,13,28,32,142,27,129,139,94,44,98,131,81,127,30,150,134,118,10,135,117,122,145,68,53,37,114,76,19,99,17,60,29,42,21,84,115,120,79,55,59,69,48,88,95,74,65,58,100
7,43,132,15,1,137,121,36,103,119,23,108,83,14,18,31,72,57,73,46,128,34,51,2,112,39,87,12,125,148,75,113,9,16,143,91,4,38,92,77,63,64,86,20,71,50,136,144,8,133,141,124,24,11,41,126,85,96,109,110,35,116,33,80,61,111,82,102,67,25,104,78,105,147,149,26,101,66,49,22,47,40,56,5,3,93,70,123,90,97,140,52,106,107,54,6,146,130,89,45,138,13,28,32,142,27,129,139,94,44,98,131,81,127,30,150,134,118,10,135,117,122,145,68,53,37,114,76,19,99,17,60,29,42,21,84,115,120,79,55,59,69,48,88,95,74,65,58,100,62
43,132,15,1,137,121,36,103,119,23,108,83,14,18,31,72,57,73,46,128,34,51,2,112,39,87,12,125,148,75,113,9,16,143,91,4,38,92,77,63,64,86,20,71,50,136,144,8,133,141,124,24,11,41,126,85,96,109,110,35,116,33,80,61,111,82,102,67,25,104,78,105,147,149,26,101,66,49,22,47,40,56,5,3,93,70,123,90,97,140,52,106,107,54,6,146,130,89,45,138,13,28,32,142,27,129,139,94,44,98,131,81,127,30,150,134,118,10,135,117,122,145,68,53,37,114,76,19,99,17,60,29,42,21,84,115,120,79,55,59,69,48,88,95,74,65,58,100,62,7
132,15,1,137,121,36,103,119,23,108,83,14,18,31,72,57,73,46,128,34,51,2,112,39,87,12,125,148,75,113,9,16,143,91,4,38,92,77,63,64,86,20,71,50,136,144,8,133,141,124,24,11,41,126,85,96,109,110,35,116,33,80,61,111,82,102,67,25,104,78,105,147,149,26,101,66,49,22,47,40,56,5,3,93,70,123,90,97,140,52,106,107,54,6,146,130,89,45,138,13,28,32,142,27,129,139,94,44,98,131,81,127,30,150,134,118,10,135,117,122,145,68,53,37,114,76,19,99,17,60,29,42,21,84,115,120,79,55,59,69,48,88,95,74,65,58,100,62,7,43
15,1,137,121,36,103,119,23,108,83,14,18,31,72,57,73,46,128,34,51,2,112,39,87,12,125,148,75,113,9,16,143,91,4,38,92,77,63,64,86,20,71,50,136,144,8,133,141,124,24,11,41,126,85,96,109,110,35,116,33,80,61,111,82,102,67,25,104,78,105,147,149,26,101,66,49,22,47,40,56,5,3,93,70,123,90,97,140,52,106,107,54,6,146,130,89,45,138,13,28,32,142,27,129,139,94,44,98,131,81,127,30,150,134,118,10,135,117,122,145,68,53,37,114,76,19,99,17,60,29,42,21,84,115,120,79,55,59,69,48,88,95,74,65,58,100,62,7,43,132
1,137,121,36,103,119,23,108,83,14,18,31,72,57,73,46,128,34,51,2,112,39,87,12,125,148,75,113,9,16,143,91,4,38,92,77,63,64,86,20,71,50,136,144,8,133,141,124,24,11,41,126,85,96,109,110,35,116,33,80,61,111,82,102,67,25,104,78,105,147,149,26,101,66,49,22,47,40,56,5,3,93,70,123,90,97,140,52,106,107,54,6,146,130,89,45,138,13,28,32,142,27,129,139,94,44,98,131,81,127,30,150,134,118,10,135,117,122,145,68,53,37,114,76,19,99,17,60,29,42,21,84,115,120,79,55,59,69,48,88,95,74,65,58,100,62,7,43,132,15
137,121,36,103,119,23,108,83,14,18,31,72,57,73,46,128,34,51,2,112,39,87,12,125,148,75,113,9,16,143,91,4,38,92,77,63,64,86,20,71,50,136,144,8,133,141,124,24,11,41,126,85,96,109,110,35,116,33,80,61,111,82,102,67,25,104,78,105,147,149,26,101,66,49,22,47,40,56,5,3,93,70,123,90,97,140,52,106,107,54,6,146,130,89,45,138,13,28,32,142,27,129,139,94,44,98,131,81,127,30,150,134,118,10,135,117,122,145,68,53,37,114,76,19,99,17,60,29,42,21,84,115,120,79,55,59,69,48,88,95,74,65,58,100,62,7,43,132,15,1
121,36,103,119,23,108,83,14,18,31,72,57,73,46,128,34,51,2,112,39,87,12,125,148,75,113,9,16,143,91,4,38,92,77,63,64,86,20,71,50,136,144,8,133,141,124,24,11,41,126,85,96,109,110,35,116,33,80,61,111,82,102,67,25,104,78,105,147,149,26,101,66,49,22,47,40,56,5,3,93,70,123,90,97,140,52,106,107,54,6,146,130,89,45,138,13,28,32,142,27,129,139,94,44,98,131,81,127,30,150,134,118,10,135,117,122,145,68,53,37,114,76,19,99,17,60,29,42,21,84,115,120,79,55,59,69,48,88,95,74,65,58,100,62,7,43,132,15,1,137
36,103,119,23,108,83,14,18,31,72,57,73,46,128,34,51,2,112,39,87,12,125,148,75,113,9,16,143,91,4,38,92,77,63,64,86,20,71,50,136,144,8,133,141,124,24,11,41,126,85,96,109,110,35,116,33,80,61,111,82,102,67,25,104,78,105,147,149,26,101,66,49,22,47,40,56,5,3,93,70,123,90,97,140,52,106,107,54,6,146,130,89,45,138,13,28,32,142,27,129,139,94,44,98,131,81,127,30,150,134,118,10,135,117,122,145,68,53,37,114,76,19,99,17,60,29,42,21,84,115,120,79,55,59,69,48,88,95,74,65,58,100,62,7,43,132,15,1,137,121
103,119,23,108,83,14,18,31,72,57,73,46,128,34,51,2,112,39,87,12,125,148,75,113,9,16,143,91,4,38,92,77,63,64,86,20,71,50,136,144,8,133,141,124,24,11,41,126,85,96,109,110,35,116,33,80,61,111,82,102,67,25,104,78,105,147,149,26,101,66,49,22,47,40,56,5,3,93,70,123,90,97,140,52,106,107,54,6,146,130,89,45,138,13,28,32,142,27,129,139,94,44,98,131,81,127,30,150,134,118,10,135,117,122,145,68,53,37,114,76,19,99,17,60,29,42,21,84,115,120,79,55,59,69,48,88,95,74,65,58,100,62,7,43,132,15,1,137,121,36
119,23,108,83,14,18,31,72,57,73,46,128,34,51,2,112,39,87,12,125,148,75,113,9,16,143,91,4,38,92,77,63,64,86,20,71,50,136,144,8,133,141,124,24,11,41,126,85,96,109,110,35,116,33,80,61,111,82,102,67,25,104,78,105,147,149,26,101,66,49,22,47,40,56,5,3,93,70,123,90,97,140,52,106,107,54,6,146,130,89,45,138,13,28,32,142,27,129,139,94,44,98,131,81,127,30,150,134,118,10,135,117,122,145,68,53,37,114,76,19,99,17,60,29,42,21,84,115,120,79,55,59,69,48,88,95,74,65,58,100,62,7,43,132,15,1,137,121,36,103
23,108,83,14,18,31,72,57,73,46,128,34,51,2,112,39,87,12,125,148,75,113,9,16,143,91,4,38,92,77,63,64,86,20,71,50,136,144,8,133,141,124,24,11,41,126,85,96,109,110,35,116,33,80,61,111,82,102,67,25,104,78,105,147,149,26,101,66,49,22,47,40,56,5,3,93,70,123,90,97,140,52,106,107,54,6,146,130,89,45,138,13,28,32,142,27,129,139,94,44,98,131,81,127,30,150,134,118,10,135,117,122,145,68,53,37,114,76,19,99,17,60,29,42,21,84,115,120,79,55,59,69,48,88,95,74,65,58,100,62,7,43,132,15,1,137,121,36,103,119
108,83,14,18,31,72,57,73,46,128,34,51,2,112,39,87,12,125,148,75,113,9,16,143,91,4,38,92,77,63,64,86,20,71,50,136,144,8,133,141,124,24,11,41,126,85,96,109,110,35,116,33,80,61,111,82,102,67,25,104,78,105,147,149,26,101,66,49,22,47,40,56,5,3,93,70,123,90,97,140,52,106,107,54,6,146,130,89,45,138,13,28,32,142,27,129,139,94,44,98,131,81,127,30,150,134,118,10,135,117,122,145,68,53,37,114,76,19,99,17,60,29,42,21,84,115,120,79,55,59,69,48,88,95,74,65,58,100,62,7,43,132,15,1,137,121,36,103,119,23
83,14,18,31,72,57,73,46,128,34,51,2,112,39,87,12,125,148,75,113,9,16,143,91,4,38,92,77,63,64,86,20,71,50,136,144,8,133,141,124,24,11,41,126,85,96,109,110,35,116,33,80,61,111,82,102,67,25,104,78,105,147,149,26,101,66,49,22,47,40,56,5,3,93,70,123,90,97,140,52,106,107,54,6,146,130,89,45,138,13,28,32,142,27,129,139,94,44,98,131,81,127,30,150,134,118,10,135,117,122,145,68,53,37,114,76,19,99,17,60,29,42,21,84,115,120,79,55,59,69,48,88,95,74,65,58,100,62,7,43,132,15,1,137,121,36,103,119,23,108
14,18,31,72,57,73,46,128,34,51,2,112,39,87,12,125,148,75,113,9,16,143,91,4,38,92,77,63,64,86,20,71,50,136,144,8,133,141,124,24,11,41,126,85,96,109,110,35,116,33,80,61,111,82,102,67,25,104,78,105,147,149,26,101,66,49,22,47,40,56,5,3,93,70,123,90,97,140,52,106,107,54,6,146,130,89,45,138,13,28,32,142,27,129,139,94,44,98,131,81,127,30,150,134,118,10,135,117,122,145,68,53,37,114,76,19,99,17,60,29,42,21,84,115,120,79,55,59,69,48,88,95,74,65,58,100,62,7,43,132,15,1,137,121,36,103,119,23,108,83
18,31,72,57,73,46,128,34,51,2,112,39,87,12,125,148,75,113,9,16,143,91,4,38,92,77,63,64,86,20,71,50,136,144,8,133,141,124,24,11,41,126,85,96,109,110,35,116,33,80,61,111,82,102,67,25,104,78,105,147,149,26,101,66,49,22,47,40,56,5,3,93,70,123,90,97,140,52,106,107,54,6,146,130,89,45,138,13,28,32,142,27,129,139,94,44,98,131,81,127,30,150,134,118,10,135,117,122,145,68,53,37,114,76,19,99,17,60,29,42,21,84,115,120,79,55,59,69,48,88,95,74,65,58,100,62,7,43,132,15,1,137,121,36,103,119,23,108,83,14
31,72,57,73,46,128,34,51,2,112,39,87,12,125,148,75,113,9,16,143,91,4,38,92,77,63,64,86,20,71,50,136,144,8,133,141,124,24,11,41,126,85,96,109,110,35,116,33,80,61,111,82,102,67,25,104,78,105,147,149,26,101,66,49,22,47,40,56,5,3,93,70,123,90,97,140,52,106,107,54,6,146,130,89,45,138,13,28,32,142,27,129,139,94,44,98,131,81,127,30,150,134,118,10,135,117,122,145,68,53,37,114,76,19,99,17,60,29,42,21,84,115,120,79,55,59,69,48,88,95,74,65,58,100,62,7,43,132,15,1,137,121,36,103,119,23,108,83,14,18
72,57,73,46,128,34,51,2,112,39,87,12,125,148,75,113,9,16,143,91,4,38,92,77,63,64,86,20,71,50,136,144,8,133,141,124,24,11,41,126,85,96,109,110,35,116,33,80,61,111,82,102,67,25,104,78,105,147,149,26,101,66,49,22,47,40,56,5,3,93,70,123,90,97,140,52,106,107,54,6,146,130,89,45,138,13,28,32,142,27,129,139,94,44,98,131,81,127,30,150,134,118,10,135,117,122,145,68,53,37,114,76,19,99,17,60,29,42,21,84,115,120,79,55,59,69,48,88,95,74,65,58,100,62,7,43,132,15,1,137,121,36,103,119,23,108,83,14,18,31
57,73,46,128,34,51,2,112,39,87,12,125,148,75,113,9,16,143,91,4,38,92,77,63,64,86,20,71,50,136,144,8,133,141,124,24,11,41,126,85,96,109,110,35,116,33,80,61,111,82,102,67,25,104,78,105,147,149,26,101,66,49,22,47,40,56,5,3,93,70,123,90,97,140,52,106,107,54,6,146,130,89,45,138,13,28,32,142,27,129,139,94,44,98,131,81,127,30,150,134,118,10,135,117,122,145,68,53,37,114,76,19,99,17,60,29,42,21,84,115,120,79,55,59,69,48,88,95,74,65,58,100,62,7,43,132,15,1,137,121,36,103,119,23,108,83,14,18,31,72
73,46,128,34,51,2,112,39,87,12,125,148,75,113,9,16,143,91,4,38,92,77,63,64,86,20,71,50,136,144,8,133,141,124,24,11,41,126,85,96,109,110,35,116,33,80,61,111,82,102,67,25,104,78,105,147,149,26,101,66,49,22,47,40,56,5,3,93,70,123,90,97,140,52,106,107,54,6,146,130,89,45,138,13,28,32,142,27,129,139,94,44,98,131,81,127,30,150,134,118,10,135,117,122,145,68,53,37,114,76,19,99,17,60,29,42,21,84,115,120,79,55,59,69,48,88,95,74,65,58,100,62,7,43,132,15,1,137,121,36,103,119,23,108,83,14,18,31,72,57
46,128,34,51,2,112,39,87,12,125,148,75,113,9,16,143,91,4,38,92,77,63,64,86,20,71,50,136,144,8,133,141,124,24,11,41,126,85,96,109,110,35,116,33,80,61,111,82,102,67,25,104,78,105,147,149,26,101,66,49,22,47,40,56,5,3,93,70,123,90,97,140,52,106,107,54,6,146,130,89,45,138,13,28,32,142,27,129,139,94,44,98,131,81,127,30,150,134,118,10,135,117,122,145,68,53,37,114,76,19,99,17,60,29,42,21,84,115,120,79,55,59,69,48,88,95,74,65,58,100,62,7,43,132,15,1,137,121,36,103,119,23,108,83,14,18,31,72,57,73
128,34,51,2,112,39,87,12,125,148,75,113,9,16,143,91,4,38,92,77,63,64,86,20,71,50,136,144,8,133,141,124,24,11,41,126,85,96,109,110,35,116,33,80,61,111,82,102,67,25,104,78,105,147,149,26,101,66,49,22,47,40,56,5,3,93,70,123,90,97,140,52,106,107,54,6,146,130,89,45,138,13,28,32,142,27,129,139,94,44,98,131,81,127,30,150,134,118,10,135,117,122,145,68,53,37,114,76,19,99,17,60,29,42,21,84,115,120,79,55,59,69,48,88,95,74,65,58,100,62,7,43,132,15,1,137,121,36,103,119,23,108,83,14,18,31,72,57,73,46
34,51,2,112,39,87,12,125,148,75,113,9,16,143,91,4,38,92,77,63,64,86,20,71,50,136,144,8,133,141,124,24,11,41,126,85,96,109,110,35,116,33,80,61,111,82,102,67,25,104,78,105,147,149,26,101,66,49,22,47,40,56,5,3,93,70,123,90,97,140,52,106,107,54,6,146,130,89,45,138,13,28,32,142,27,129,139,94,44,98,131,81,127,30,150,134,118,10,135,117,122,145,68,53,37,114,76,19,99,17,60,29,42,21,84,115,120,79,55,59,69,48,88,95,74,65,58,100,62,7,43,132,15,1,137,121,36,103,119,23,108,83,14,18,31,72,57,73,46,128
51,2,112,39,87,12,125,148,75,113,9,16,143,91,4,38,92,77,63,64,86,20,71,50,136,144,8,133,141,124,24,11,41,126,85,96,109,110,35,116,33,80,61,111,82,102,67,25,104,78,105,147,149,26,101,66,49,22,47,40,56,5,3,93,70,123,90,97,140,52,106,107,54,6,146,130,89,45,138,13,28,32,142,27,129,139,94,44,98,131,81,127,30,150,134,118,10,135,117,122,145,68,53,37,114,76,19,99,17,60,29,42,21,84,115,120,79,55,59,69,48,88,95,74,65,58,100,62,7,43,132,15,1,137,121,36,103,119,23,108,83,14,18,31,72,57,73,46,128,34
2,112,39,87,12,125,148,75,113,9,16,143,91,4,38,92,77,63,64,86,20,71,50,136,144,8,133,141,124,24,11,41,126,85,96,109,110,35,116,33,80,61,111,82,102,67,25,104,78,105,147,149,26,101,66,49,22,47,40,56,5,3,93,70,123,90,97,140,52,106,107,54,6,146,130,89,45,138,13,28,32,142,27,129,139,94,44,98,131,81,127,30,150,134,118,10,135,117,122,145,68,53,37,114,76,19,99,17,60,29,42,21,84,115,120,79,55,59,69,48,88,95,74,65,58,100,62,7,43,132,15,1,137,121,36,103,119,23,108,83,14,18,31,72,57,73,46,128,34,51
112,39,87,12,125,148,75,113,9,16,143,91,4,38,92,77,63,64,86,20,71,50,136,144,8,133,141,124,24,11,41,126,85,96,109,110,35,116,33,80,61,111,82,102,67,25,104,78,105,147,149,26,101,66,49,22,47,40,56,5,3,93,70,123,90,97,140,52,106,107,54,6,146,130,89,45,138,13,28,32,142,27,129,139,94,44,98,131,81,127,30,150,134,118,10,135,117,122,145,68,53,37,114,76,19,99,17,60,29,42,21,84,115,120,79,55,59,69,48,88,95,74,65,58,100,62,7,43,132,15,1,137,121,36,103,119,23,108,83,14,18,31,72,57,73,46,128,34,51,2
39,87,12,125,148,75,113,9,16,143,91,4,38,92,77,63,64,86,20,71,50,136,144,8,133,141,124,24,11,41,126,85,96,109,110,35,116,33,80,61,111,82,102,67,25,104,78,105,147,149,26,101,66,49,22,47,40,56,5,3,93,70,123,90,97,140,52,106,107,54,6,146,130,89,45,138,13,28,32,142,27,129,139,94,44,98,131,81,127,30,150,134,118,10,135,117,122,145,68,53,37,114,76,19,99,17,60,29,42,21,84,115,120,79,55,59,69,48,88,95,74,65,58,100,62,7,43,132,15,1,137,121,36,103,119,23,108,83,14,18,31,72,57,73,46,128,34,51,2,112
87,12,125,148,75,113,9,16,143,91,4,38,92,77,63,64,86,20,71,50,136,144,8,133,141,124,24,11,41,126,85,96,109,110,35,116,33,80,61,111,82,102,67,25,104,78,105,147,149,26,101,66,49,22,47,40,56,5,3,93,70,123,90,97,140,52,106,107,54,6,146,130,89,45,138,13,28,32,142,27,129,139,94,44,98,131,81,127,30,150,134,118,10,135,117,122,145,68,53,37,114,76,19,99,17,60,29,42,21,84,115,120,79,55,59,69,48,88,95,74,65,58,100,62,7,43,132,15,1,137,121,36,103,119,23,108,83,14,18,31,72,57,73,46,128,34,51,2,112,39
12,125,148,75,113,9,16,143,91,4,38,92,77,63,64,86,20,71,50,136,144,8,133,141,124,24,11,41,126,85,96,109,110,35,116,33,80,61,111,82,102,67,25,104,78,105,147,149,26,101,66,49,22,47,40,56,5,3,93,70,123,90,97,140,52,106,107,54,6,146,130,89,45,138,13,28,32,142,27,129,139,94,44,98,131,81,127,30,150,134,118,10,135,117,122,145,68,53,37,114,76,19,99,17,60,29,42,21,84,115,120,79,55,59,69,48,88,95,74,65,58,100,62,7,43,132,15,1,137,121,36,103,119,23,108,83,14,18,31,72,57,73,46,128,34,51,2,112,39,87
125,148,75,113,9,16,143,91,4,38,92,77,63,64,86,20,71,50,136,144,8,133,141,124,24,11,41,126,85,96,109,110,35,116,33,80,61,111,82,102,67,25,104,78,105,147,149,26,101,66,49,22,47,40,56,5,3,93,70,123,90,97,140,52,106,107,54,6,146,130,89,45,138,13,28,32,142,27,129,139,94,44,98,131,81,127,30,150,134,118,10,135,117,122,145,68,53,37,114,76,19,99,17,60,29,42,21,84,115,120,79,55,59,69,48,88,95,74,65,58,100,62,7,43,132,15,1,137,121,36,103,119,23,108,83,14,18,31,72,57,73,46,128,34,51,2,112,39,87,12
148,75,113,9,16,143,91,4,38,92,77,63,64,86,20,71,50,136,144,8,133,141,124,24,11,41,126,85,96,109,110,35,116,33,80,61,111,82,102,67,25,104,78,105,147,149,26,101,66,49,22,47,40,56,5,3,93,70,123,90,97,140,52,106,107,54,6,146,130,89,45,138,13,28,32,142,27,129,139,94,44,98,131,81,127,30,150,134,118,10,135,117,122,145,68,53,37,114,76,19,99,17,60,29,42,21,84,115,120,79,55,59,69,48,88,95,74,65,58,100,62,7,43,132,15,1,137,121,36,103,119,23,108,83,14,18,31,72,57,73,46,128,34,51,2,112,39,87,12,125
75,113,9,16,143,91,4,38,92,77,63,64,86,20,71,50,136,144,8,133,141,124,24,11,41,126,85,96,109,110,35,116,33,80,61,111,82,102,67,25,104,78,105,147,149,26,101,66,49,22,47,40,56,5,3,93,70,123,90,97,140,52,106,107,54,6,146,130,89,45,138,13,28,32,142,27,129,139,94,44,98,131,81,127,30,150,134,118,10,135,117,122,145,68,53,37,114,76,19,99,17,60,29,42,21,84,115,120,79,55,59,69,48,88,95,74,65,58,100,62,7,43,132,15,1,137,121,36,103,119,23,108,83,14,18,31,72,57,73,46,128,34,51,2,112,39,87,12,125,148
113,9,16,143,91,4,38,92,77,63,64,86,20,71,50,136,144,8,133,141,124,24,11,41,126,85,96,109,110,35,116,33,80,61,111,82,102,67,25,104,78,105,147,149,26,101,66,49,22,47,40,56,5,3,93,70,123,90,97,140,52,106,107,54,6,146,130,89,45,138,13,28,32,142,27,129,139,94,44,98,131,81,127,30,150,134,118,10,135,117,122,145,68,53,37,114,76,19,99,17,60,29,42,21,84,115,120,79,55,59,69,48,88,95,74,65,58,100,62,7,43,132,15,1,137,121,36,103,119,23,108,83,14,18,31,72,57,73,46,128,34,51,2,112,39,87,12,125,148,75
9,16,143,91,4,38,92,77,63,64,86,20,71,50,136,144,8,133,141,124,24,11,41,126,85,96,109,110,35,116,33,80,61,111,82,102,67,25,104,78,105,147,149,26,101,66,49,22,47,40,56,5,3,93,70,123,90,97,140,52,106,107,54,6,146,130,89,45,138,13,28,32,142,27,129,139,94,44,98,131,81,127,30,150,134,118,10,135,117,122,145,68,53,37,114,76,19,99,17,60,29,42,21,84,115,120,79,55,59,69,48,88,95,74,65,58,100,62,7,43,132,15,1,137,121,36,103,119,23,108,83,14,18,31,72,57,73,46,128,34,51,2,112,39,87,12,125,148,75,113
16,143,91,4,38,92,77,63,64,86,20,71,50,136,144,8,133,141,124,24,11,41,126,85,96,109,110,35,116,33,80,61,111,82,102,67,25,104,78,105,147,149,26,101,66,49,22,47,40,56,5,3,93,70,123,90,97,140,52,106,107,54,6,146,130,89,45,138,13,28,32,142,27,129,139,94,44,98,131,81,127,30,150,134,118,10,135,117,122,145,68,53,37,114,76,19,99,17,60,29,42,21,84,115,120,79,55,59,69,48,88,95,74,65,58,100,62,7,43,132,15,1,137,121,36,103,119,23,108,83,14,18,31,72,57,73,46,128,34,51,2,112,39,87,12,125,148,75,113,9
143,91,4,38,92,77,63,64,86,20,71,50,136,144,8,133,141,124,24,11,41,126,85,96,109,110,35,116,33,80,61,111,82,102,67,25,104,78,105,147,149,26,101,66,49,22,47,40,56,5,3,93,70,123,90,97,140,52,106,107,54,6,146,130,89,45,138,13,28,32,142,27,129,139,94,44,98,131,81,127,30,150,134,118,10,135,117,122,145,68,53,37,114,76,19,99,17,60,29,42,21,84,115,120,79,55,59,69,48,88,95,74,65,58,100,62,7,43,132,15,1,137,121,36,103,119,23,108,83,14,18,31,72,57,73,46,128,34,51,2,112,39,87,12,125,148,75,113,9,16
91,4,38,92,77,63,64,86,20,71,50,136,144,8,133,141,124,24,11,41,126,85,96,109,110,35,116,33,80,61,111,82,102,67,25,104,78,105,147,149,26,101,66,49,22,47,40,56,5,3,93,70,123,90,97,140,52,106,107,54,6,146,130,89,45,138,13,28,32,142,27,129,139,94,44,98,131,81,127,30,150,134,118,10,135,117,122,145,68,53,37,114,76,19,99,17,60,29,42,21,84,115,120,79,55,59,69,48,88,95,74,65,58,100,62,7,43,132,15,1,137,121,36,103,119,23,108,83,14,18,31,72,57,73,46,128,34,51,2,112,39,87,12,125,148,75,113,9,16,143
4,38,92,77,63,64,86,20,71,50,136,144,8,133,141,124,24,11,41,126,85,96,109,110,35,116,33,80,61,111,82,102,67,25,104,78,105,147,149,26,101,66,49,22,47,40,56,5,3,93,70,123,90,97,140,52,106,107,54,6,146,130,89,45,138,13,28,32,142,27,129,139,94,44,98,131,81,127,30,150,134,118,10,135,117,122,145,68,53,37,114,76,19,99,17,60,29,42,21,84,115,120,79,55,59,69,48,88,95,74,65,58,100,62,7,43,132,15,1,137,121,36,103,119,23,108,83,14,18,31,72,57,73,46,128,34,51,2,112,39,87,12,125,148,75,113,9,16,143,91
38,92,77,63,64,86,20,71,50,136,144,8,133,141,124,24,11,41,126,85,96,109,110,35,116,33,80,61,111,82,102,67,25,104,78,105,147,149,26,101,66,49,22,47,40,56,5,3,93,70,123,90,97,140,52,106,107,54,6,146,130,89,45,138,13,28,32,142,27,129,139,94,44,98,131,81,127,30,150,134,118,10,135,117,122,145,68,53,37,114,76,19,99,17,60,29,42,21,84,115,120,79,55,59,69,48,88,95,74,65,58,100,62,7,43,132,15,1,137,121,36,103,119,23,108,83,14,18,31,72,57,73,46,128,34,51,2,112,39,87,12,125,148,75,113,9,16,143,91,4
92,77,63,64,86,20,71,50,136,144,8,133,141,124,24,11,41,126,85,96,109,110,35,116,33,80,61,111,82,102,67,25,104,78,105,147,149,26,101,66,49,22,47,40,56,5,3,93,70,123,90,97,140,52,106,107,54,6,146,130,89,45,138,13,28,32,142,27,129,139,94,44,98,131,81,127,30,150,134,118,10,135,117,122,145,68,53,37,114,76,19,99,17,60,29,42,21,84,115,120,79,55,59,69,48,88,95,74,65,58,100,62,7,43,132,15,1,137,121,36,103,119,23,108,83,14,18,31,72,57,73,46,128,34,51,2,112,39,87,12,125,148,75,113,9,16,143,91,4,38
77,63,64,86,20,71,50,136,144,8,133,141,124,24,11,41,126,85,96,109,110,35,116,33,80,61,111,82,102,67,25,104,78,105,147,149,26,101,66,49,22,47,40,56,5,3,93,70,123,90,97,140,52,106,107,54,6,146,130,89,45,138,13,28,32,142,27,129,139,94,44,98,131,81,127,30,150,134,118,10,135,117,122,145,68,53,37,114,76,19,99,17,60,29,42,21,84,115,120,79,55,59,69,48,88,95,74,65,58,100,62,7,43,132,15,1,137,121,36,103,119,23,108,83,14,18,31,72,57,73,46,128,34,51,2,112,39,87,12,125,148,75,113,9,16,143,91,4,38,92
63,64,86,20,71,50,136,144,8,133,141,124,24,11,41,126,85,96,109,110,35,116,33,80,61,111,82,102,67,25,104,78,105,147,149,26,101,66,49,22,47,40,56,5,3,93,70,123,90,97,140,52,106,107,54,6,146,130,89,45,138,13,28,32,142,27,129,139,94,44,98,131,81,127,30,150,134,118,10,135,117,122,145,68,53,37,114,76,19,99,17,60,29,42,21,84,115,120,79,55,59,69,48,88,95,74,65,58,100,62,7,43,132,15,1,137,121,36,103,119,23,108,83,14,18,31,72,57,73,46,128,34,51,2,112,39,87,12,125,148,75,113,9,16,143,91,4,38,92,77
64,86,20,71,50,136,144,8,133,141,124,24,11,41,126,85,96,109,110,35,116,33,80,61,111,82,102,67,25,104,78,105,147,149,26,101,66,49,22,47,40,56,5,3,93,70,123,90,97,140,52,106,107,54,6,146,130,89,45,138,13,28,32,142,27,129,139,94,44,98,131,81,127,30,150,134,118,10,135,117,122,145,68,53,37,114,76,19,99,17,60,29,42,21,84,115,120,79,55,59,69,48,88,95,74,65,58,100,62,7,43,132,15,1,137,121,36,103,119,23,108,83,14,18,31,72,57,73,46,128,34,51,2,112,39,87,12,125,148,75,113,9,16,143,91,4,38,92,77,63
86,20,71,50,136,144,8,133,141,124,24,11,41,126,85,96,109,110,35,116,33,80,61,111,82,102,67,25,104,78,105,147,149,26,101,66,49,22,47,40,56,5,3,93,70,123,90,97,140,52,106,107,54,6,146,130,89,45,138,13,28,32,142,27,129,139,94,44,98,131,81,127,30,150,134,118,10,135,117,122,145,68,53,37,114,76,19,99,17,60,29,42,21,84,115,120,79,55,59,69,48,88,95,74,65,58,100,62,7,43,132,15,1,137,121,36,103,119,23,108,83,14,18,31,72,57,73,46,128,34,51,2,112,39,87,12,125,148,75,113,9,16,143,91,4,38,92,77,63,64
20,71,50,136,144,8,133,141,124,24,11,41,126,85,96,109,110,35,116,33,80,61,111,82,102,67,25,104,78,105,147,149,26,101,66,49,22,47,40,56,5,3,93,70,123,90,97,140,52,106,107,54,6,146,130,89,45,138,13,28,32,142,27,129,139,94,44,98,131,81,127,30,150,134,118,10,135,117,122,145,68,53,37,114,76,19,99,17,60,29,42,21,84,115,120,79,55,59,69,48,88,95,74,65,58,100,62,7,43,132,15,1,137,121,36,103,119,23,108,83,14,18,31,72,57,73,46,128,34,51,2,112,39,87,12,125,148,75,113,9,16,143,91,4,38,92,77,63,64,86
71,50,136,144,8,133,141,124,24,11,41,126,85,96,109,110,35,116,33,80,61,111,82,102,67,25,104,78,105,147,149,26,101,66,49,22,47,40,56,5,3,93,70,123,90,97,140,52,106,107,54,6,146,130,89,45,138,13,28,32,142,27,129,139,94,44,98,131,81,127,30,150,134,118,10,135,117,122,145,68,53,37,114,76,19,99,17,60,29,42,21,84,115,120,79,55,59,69,48,88,95,74,65,58,100,62,7,43,132,15,1,137,121,36,103,119,23,108,83,14,18,31,72,57,73,46,128,34,51,2,112,39,87,12,125,148,75,113,9,16,143,91,4,38,92,77,63,64,86,20
50,136,144,8,133,141,124,24,11,41,126,85,96,109,110,35,116,33,80,61,111,82,102,67,25,104,78,105,147,149,26,101,66,49,22,47,40,56,5,3,93,70,123,90,97,140,52,106,107,54,6,146,130,89,45,138,13,28,32,142,27,129,139,94,44,98,131,81,127,30,150,134,118,10,135,117,122,145,68,53,37,114,76,19,99,17,60,29,42,21,84,115,120,79,55,59,69,48,88,95,74,65,58,100,62,7,43,132,15,1,137,121,36,103,119,23,108,83,14,18,31,72,57,73,46,128,34,51,2,112,39,87,12,125,148,75,113,9,16,143,91,4,38,92,77,63,64,86,20,71
136,144,8,133,141,124,24,11,41,126,85,96,109,110,35,116,33,80,61,111,82,102,67,25,104,78,105,147,149,26,101,66,49,22,47,40,56,5,3,93,70,123,90,97,140,52,106,107,54,6,146,130,89,45,138,13,28,32,142,27,129,139,94,44,98,131,81,127,30,150,134,118,10,135,117,122,145,68,53,37,114,76,19,99,17,60,29,42,21,84,115,120,79,55,59,69,48,88,95,74,65,58,100,62,7,43,132,15,1,137,121,36,103,119,23,108,83,14,18,31,72,57,73,46,128,34,51,2,112,39,87,12,125,148,75,113,9,16,143,91,4,38,92,77,63,64,86,20,71,50
144,8,133,141,124,24,11,41,126,85,96,109,110,35,116,33,80,61,111,82,102,67,25,104,78,105,147,149,26,101,66,49,22,47,40,56,5,3,93,70,123,90,97,140,52,106,107,54,6,146,130,89,45,138,13,28,32,142,27,129,139,94,44,98,131,81,127,30,150,134,118,10,135,117,122,145,68,53,37,114,76,19,99,17,60,29,42,21,84,115,120,79,55,59,69,48,88,95,74,65,58,100,62,7,43,132,15,1,137,121,36,103,119,23,108,83,14,18,31,72,57,73,46,128,34,51,2,112,39,87,12,125,148,75,113,9,16,143,91,4,38,92,77,63,64,86,20,71,50,136
8,133,141,124,24,11,41,126,85,96,109,110,35,116,33,80,61,111,82,102,67,25,104,78,105,147,149,26,101,66,49,22,47,40,56,5,3,93,70,123,90,97,140,52,106,107,54,6,146,130,89,45,138,13,28,32,142,27,129,139,94,44,98,131,81,127,30,150,134,118,10,135,117,122,145,68,53,37,114,76,19,99,17,60,29,42,21,84,115,120,79,55,59,69,48,88,95,74,65,58,100,62,7,43,132,15,1,137,121,36,103,119,23,108,83,14,18,31,72,57,73,46,128,34,51,2,112,39,87,12,125,148,75,113,9,16,143,91,4,38,92,77,63,64,86,20,71,50,136,144
133,141,124,24,11,41,126,85,96,109,110,35,116,33,80,61,111,82,102,67,25,104,78,105,147,149,26,101,66,49,22,47,40,56,5,3,93,70,123,90,97,140,52,106,107,54,6,146,130,89,45,138,13,28,32,142,27,129,139,94,44,98,131,81,127,30,150,134,118,10,135,117,122,145,68,53,37,114,76,19,99,17,60,29,42,21,84,115,120,79,55,59,69,48,88,95,74,65,58,100,62,7,43,132,15,1,137,121,36,103,119,23,108,83,14,18,31,72,57,73,46,128,34,51,2,112,39,87,12,125,148,75,113,9,16,143,91,4,38,92,77,63,64,86,20,71,50,136,144,8
141,124,24,11,41,126,85,96,109,110,35,116,33,80,61,111,82,102,67,25,104,78,105,147,149,26,101,66,49,22,47,40,56,5,3,93,70,123,90,97,140,52,106,107,54,6,146,130,89,45,138,13,28,32,142,27,129,139,94,44,98,131,81,127,30,150,134,118,10,135,117,122,145,68,53,37,114,76,19,99,17,60,29,42,21,84,115,120,79,55,59,69,48,88,95,74,65,58,100,62,7,43,132,15,1,137,121,36,103,119,23,108,83,14,18,31,72,57,73,46,128,34,51,2,112,39,87,12,125,148,75,113,9,16,143,91,4,38,92,77,63,64,86,20,71,50,136,144,8,133
124,24,11,41,126,85,96,109,110,35,116,33,80,61,111,82,102,67,25,104,78,105,147,149,26,101,66,49,22,47,40,56,5,3,93,70,123,90,97,140,52,106,107,54,6,146,130,89,45,138,13,28,32,142,27,129,139,94,44,98,131,81,127,30,150,134,118,10,135,117,122,145,68,53,37,114,76,19,99,17,60,29,42,21,84,115,120,79,55,59,69,48,88,95,74,65,58,100,62,7,43,132,15,1,137,121,36,103,119,23,108,83,14,18,31,72,57,73,46,128,34,51,2,112,39,87,12,125,148,75,113,9,16,143,91,4,38,92,77,63,64,86,20,71,50,136,144,8,133,141
24,11,41,126,85,96,109,110,35,116,33,80,61,111,82,102,67,25,104,78,105,147,149,26,101,66,49,22,47,40,56,5,3,93,70,123,90,97,140,52,106,107,54,6,146,130,89,45,138,13,28,32,142,27,129,139,94,44,98,131,81,127,30,150,134,118,10,135,117,122,145,68,53,37,114,76,19,99,17,60,29,42,21,84,115,120,79,55,59,69,48,88,95,74,65,58,100,62,7,43,132,15,1,137,121,36,103,119,23,108,83,14,18,31,72,57,73,46,128,34,51,2,112,39,87,12,125,148,75,113,9,16,143,91,4,38,92,77,63,64,86,20,71,50,136,144,8,133,141,124
11,41,126,85,96,109,110,35,116,33,80,61,111,82,102,67,25,104,78,105,147,149,26,101,66,49,22,47,40,56,5,3,93,70,123,90,97,140,52,106,107,54,6,146,130,89,45,138,13,28,32,142,27,129,139,94,44,98,131,81,127,30,150,134,118,10,135,117,122,145,68,53,37,114,76,19,99,17,60,29,42,21,84,115,120,79,55,59,69,48,88,95,74,65,58,100,62,7,43,132,15,1,137,121,36,103,119,23,108,83,14,18,31,72,57,73,46,128,34,51,2,112,39,87,12,125,148,75,113,9,16,143,91,4,38,92,77,63,64,86,20,71,50,136,144,8,133,141,124,24
41,126,85,96,109,110,35,116,33,80,61,111,82,102,67,25,104,78,105,147,149,26,101,66,49,22,47,40,56,5,3,93,70,123,90,97,140,52,106,107,54,6,146,130,89,45,138,13,28,32,142,27,129,139,94,44,98,131,81,127,30,150,134,118,10,135,117,122,145,68,53,37,114,76,19,99,17,60,29,42,21,84,115,120,79,55,59,69,48,88,95,74,65,58,100,62,7,43,132,15,1,137,121,36,103,119,23,108,83,14,18,31,72,57,73,46,128,34,51,2,112,39,87,12,125,148,75,113,9,16,143,91,4,38,92,77,63,64,86,20,71,50,136,144,8,133,141,124,24,11
126,85,96,109,110,35,116,33,80,61,111,82,102,67,25,104,78,105,147,149,26,101,66,49,22,47,40,56,5,3,93,70,123,90,97,140,52,106,107,54,6,146,130,89,45,138,13,28,32,142,27,129,139,94,44,98,131,81,127,30,150,134,118,10,135,117,122,145,68,53,37,114,76,19,99,17,60,29,42,21,84,115,120,79,55,59,69,48,88,95,74,65,58,100,62,7,43,132,15,1,137,121,36,103,119,23,108,83,14,18,31,72,57,73,46,128,34,51,2,112,39,87,12,125,148,75,113,9,16,143,91,4,38,92,77,63,64,86,20,71,50,136,144,8,133,141,124,24,11,41
85,96,109,110,35,116,33,80,61,111,82,102,67,25,104,78,105,147,149,26,101,66,49,22,47,40,56,5,3,93,70,123,90,97,140,52,106,107,54,6,146,130,89,45,138,13,28,32,142,27,129,139,94,44,98,131,81,127,30,150,134,118,10,135,117,122,145,68,53,37,114,76,19,99,17,60,29,42,21,84,115,120,79,55,59,69,48,88,95,74,65,58,100,62,7,43,132,15,1,137,121,36,103,119,23,108,83,14,18,31,72,57,73,46,128,34,51,2,112,39,87,12,125,148,75,113,9,16,143,91,4,38,92,77,63,64,86,20,71,50,136,144,8,133,141,124,24,11,41,126
96,109,110,35,116,33,80,61,111,82,102,67,25,104,78,105,147,149,26,101,66,49,22,47,40,56,5,3,93,70,123,90,97,140,52,106,107,54,6,146,130,89,45,138,13,28,32,142,27,129,139,94,44,98,131,81,127,30,150,134,118,10,135,117,122,145,68,53,37,114,76,19,99,17,60,29,42,21,84,115,120,79,55,59,69,48,88,95,74,65,58,100,62,7,43,132,15,1,137,121,36,103,119,23,108,83,14,18,31,72,57,73,46,128,34,51,2,112,39,87,12,125,148,75,113,9,16,143,91,4,38,92,77,63,64,86,20,71,50,136,144,8,133,141,124,24,11,41,126,85
109,110,35,116,33,80,61,111,82,102,67,25,104,78,105,147,149,26,101,66,49,22,47,40,56,5,3,93,70,123,90,97,140,52,106,107,54,6,146,130,89,45,138,13,28,32,142,27,129,139,94,44,98,131,81,127,30,150,134,118,10,135,117,122,145,68,53,37,114,76,19,99,17,60,29,42,21,84,115,120,79,55,59,69,48,88,95,74,65,58,100,62,7,43,132,15,1,137,121,36,103,119,23,108,83,14,18,31,72,57,73,46,128,34,51,2,112,39,87,12,125,148,75,113,9,16,143,91,4,38,92,77,63,64,86,20,71,50,136,144,8,133,141,124,24,11,41,126,85,96
110,35,116,33,80,61,111,82,102,67,25,104,78,105,147,149,26,101,66,49,22,47,40,56,5,3,93,70,123,90,97,140,52,106,107,54,6,146,130,89,45,138,13,28,32,142,27,129,139,94,44,98,131,81,127,30,150,134,118,10,135,117,122,145,68,53,37,114,76,19,99,17,60,29,42,21,84,115,120,79,55,59,69,48,88,95,74,65,58,100,62,7,43,132,15,1,137,121,36,103,119,23,108,83,14,18,31,72,57,73,46,128,34,51,2,112,39,87,12,125,148,75,113,9,16,143,91,4,38,92,77,63,64,86,20,71,50,136,144,8,133,141,124,24,11,41,126,85,96,109
35,116,33,80,61,111,82,102,67,25,104,78,105,147,149,26,101,66,49,22,47,40,56,5,3,93,70,123,90,97,140,52,106,107,54,6,146,130,89,45,138,13,28,32,142,27,129,139,94,44,98,131,81,127,30,150,134,118,10,135,117,122,145,68,53,37,114,76,19,99,17,60,29,42,21,84,115,120,79,55,59,69,48,88,95,74,65,58,100,62,7,43,132,15,1,137,121,36,103,119,23,108,83,14,18,31,72,57,73,46,128,34,51,2,112,39,87,12,125,148,75,113,9,16,143,91,4,38,92,77,63,64,86,20,71,50,136,144,8,133,141,124,24,11,41,126,85,96,109,110
116,33,80,61,111,82,102,67,25,104,78,105,147,149,26,101,66,49,22,47,40,56,5,3,93,70,123,90,97,140,52,106,107,54,6,146,130,89,45,138,13,28,32,142,27,129,139,94,44,98,131,81,127,30,150,134,118,10,135,117,122,145,68,53,37,114,76,19,99,17,60,29,42,21,84,115,120,79,55,59,69,48,88,95,74,65,58,100,62,7,43,132,15,1,137,121,36,103,119,23,108,83,14,18,31,72,57,73,46,128,34,51,2,112,39,87,12,125,148,75,113,9,16,143,91,4,38,92,77,63,64,86,20,71,50,136,144,8,133,141,124,24,11,41,126,85,96,109,110,35
33,80,61,111,82,102,67,25,104,78,105,147,149,26,101,66,49,22,47,40,56,5,3,93,70,123,90,97,140,52,106,107,54,6,146,130,89,45,138,13,28,32,142,27,129,139,94,44,98,131,81,127,30,150,134,118,10,135,117,122,145,68,53,37,114,76,19,99,17,60,29,42,21,84,115,120,79,55,59,69,48,88,95,74,65,58,100,62,7,43,132,15,1,137,121,36,103,119,23,108,83,14,18,31,72,57,73,46,128,34,51,2,112,39,87,12,125,148,75,113,9,16,143,91,4,38,92,77,63,64,86,20,71,50,136,144,8,133,141,124,24,11,41,126,85,96,109,110,35,116
80,61,111,82,102,67,25,104,78,105,147,149,26,101,66,49,22,47,40,56,5,3,93,70,123,90,97,140,52,106,107,54,6,146,130,89,45,138,13,28,32,142,27,129,139,94,44,98,131,81,127,30,150,134,118,10,135,117,122,145,68,53,37,114,76,19,99,17,60,29,42,21,84,115,120,79,55,59,69,48,88,95,74,65,58,100,62,7,43,132,15,1,137,121,36,103,119,23,108,83,14,18,31,72,57,73,46,128,34,51,2,112,39,87,12,125,148,75,113,9,16,143,91,4,38,92,77,63,64,86,20,71,50,136,144,8,133,141,124,24,11,41,126,85,96,109,110,35,116,33
61,111,82,102,67,25,104,78,105,147,149,26,101,66,49,22,47,40,56,5,3,93,70,123,90,97,140,52,106,107,54,6,146,130,89,45,138,13,28,32,142,27,129,139,94,44,98,131,81,127,30,150,134,118,10,135,117,122,145,68,53,37,114,76,19,99,17,60,29,42,21,84,115,120,79,55,59,69,48,88,95,74,65,58,100,62,7,43,132,15,1,137,121,36,103,119,23,108,83,14,18,31,72,57,73,46,128,34,51,2,112,39,87,12,125,148,75,113,9,16,143,91,4,38,92,77,63,64,86,20,71,50,136,144,8,133,141,124,24,11,41,126,85,96,109,110,35,116,33,80
111,82,102,67,25,104,78,105,147,149,26,101,66,49,22,47,40,56,5,3,93,70,123,90,97,140,52,106,107,54,6,146,130,89,45,138,13,28,32,142,27,129,139,94,44,98,131,81,127,30,150,134,118,10,135,117,122,145,68,53,37,114,76,19,99,17,60,29,42,21,84,115,120,79,55,59,69,48,88,95,74,65,58,100,62,7,43,132,15,1,137,121,36,103,119,23,108,83,14,18,31,72,57,73,46,128,34,51,2,112,39,87,12,125,148,75,113,9,16,143,91,4,38,92,77,63,64,86,20,71,50,136,144,8,133,141,124,24,11,41,126,85,96,109,110,35,116,33,80,61
82,102,67,25,104,78,105,147,149,26,101,66,49,22,47,40,56,5,3,93,70,123,90,97,140,52,106,107,54,6,146,130,89,45,138,13,28,32,142,27,129,139,94,44,98,131,81,127,30,150,134,118,10,135,117,122,145,68,53,37,114,76,19,99,17,60,29,42,21,84,115,120,79,55,59,69,48,88,95,74,65,58,100,62,7,43,132,15,1,137,121,36,103,119,23,108,83,14,18,31,72,57,73,46,128,34,51,2,112,39,87,12,125,148,75,113,9,16,143,91,4,38,92,77,63,64,86,20,71,50,136,144,8,133,141,124,24,11,41,126,85,96,109,110,35,116,33,80,61,111
102,67,25,104,78,105,147,149,26,101,66,49,22,47,40,56,5,3,93,70,123,90,97,140,52,106,107,54,6,146,130,89,45,138,13,28,32,142,27,129,139,94,44,98,131,81,127,30,150,134,118,10,135,117,122,145,68,53,37,114,76,19,99,17,60,29,42,21,84,115,120,79,55,59,69,48,88,95,74,65,58,100,62,7,43,132,15,1,137,121,36,103,119,23,108,83,14,18,31,72,57,73,46,128,34,51,2,112,39,87,12,125,148,75,113,9,16,143,91,4,38,92,77,63,64,86,20,71,50,136,144,8,133,141,124,24,11,41,126,85,96,109,110,35,116,33,80,61,111,82
67,25,104,78,105,147,149,26,101,66,49,22,47,40,56,5,3,93,70,123,90,97,140,52,106,107,54,6,146,130,89,45,138,13,28,32,142,27,129,139,94,44,98,131,81,127,30,150,134,118,10,135,117,122,145,68,53,37,114,76,19,99,17,60,29,42,21,84,115,120,79,55,59,69,48,88,95,74,65,58,100,62,7,43,132,15,1,137,121,36,103,119,23,108,83,14,18,31,72,57,73,46,128,34,51,2,112,39,87,12,125,148,75,113,9,16,143,91,4,38,92,77,63,64,86,20,71,50,136,144,8,133,141,124,24,11,41,126,85,96,109,110,35,116,33,80,61,111,82,102
25,104,78,105,147,149,26,101,66,49,22,47,40,56,5,3,93,70,123,90,97,140,52,106,107,54,6,146,130,89,45,138,13,28,32,142,27,129,139,94,44,98,131,81,127,30,150,134,118,10,135,117,122,145,68,53,37,114,76,19,99,17,60,29,42,21,84,115,120,79,55,59,69,48,88,95,74,65,58,100,62,7,43,132,15,1,137,121,36,103,119,23,108,83,14,18,31,72,57,73,46,128,34,51,2,112,39,87,12,125,148,75,113,9,16,143,91,4,38,92,77,63,64,86,20,71,50,136,144,8,133,141,124,24,11,41,126,85,96,109,110,35,116,33,80,61,111,82,102,67
104,78,105,147,149,26,101,66,49,22,47,40,56,5,3,93,70,123,90,97,140,52,106,107,54,6,146,130,89,45,138,13,28,32,142,27,129,139,94,44,98,131,81,127,30,150,134,118,10,135,117,122,145,68,53,37,114,76,19,99,17,60,29,42,21,84,115,120,79,55,59,69,48,88,95,74,65,58,100,62,7,43,132,15,1,137,121,36,103,119,23,108,83,14,18,31,72,57,73,46,128,34,51,2,112,39,87,12,125,148,75,113,9,16,143,91,4,38,92,77,63,64,86,20,71,50,136,144,8,133,141,124,24,11,41,126,85,96,109,110,35,116,33,80,61,111,82,102,67,25
78,105,147,149,26,101,66,49,22,47,40,56,5,3,93,70,123,90,97,140,52,106,107,54,6,146,130,89,45,138,13,28,32,142,27,129,139,94,44,98,131,81,127,30,150,134,118,10,135,117,122,145,68,53,37,114,76,19,99,17,60,29,42,21,84,115,120,79,55,59,69,48,88,95,74,65,58,100,62,7,43,132,15,1,137,121,36,103,119,23,108,83,14,18,31,72,57,73,46,128,34,51,2,112,39,87,12,125,148,75,113,9,16,143,91,4,38,92,77,63,64,86,20,71,50,136,144,8,133,141,124,24,11,41,126,85,96,109,110,35,116,33,80,61,111,82,102,67,25,104
105,147,149,26,101,66,49,22,47,40,56,5,3,93,70,123,90,97,140,52,106,107,54,6,146,130,89,45,138,13,28,32,142,27,129,139,94,44,98,131,81,127,30,150,134,118,10,135,117,122,145,68,53,37,114,76,19,99,17,60,29,42,21,84,115,120,79,55,59,69,48,88,95,74,65,58,100,62,7,43,132,15,1,137,121,36,103,119,23,108,83,14,18,31,72,57,73,46,128,34,51,2,112,39,87,12,125,148,75,113,9,16,143,91,4,38,92,77,63,64,86,20,71,50,136,144,8,133,141,124,24,11,41,126,85,96,109,110,35,116,33,80,61,111,82,102,67,25,104,78
147,149,26,101,66,49,22,47,40,56,5,3,93,70,123,90,97,140,52,106,107,54,6,146,130,89,45,138,13,28,32,142,27,129,139,94,44,98,131,81,127,30,150,134,118,10,135,117,122,145,68,53,37,114,76,19,99,17,60,29,42,21,84,115,120,79,55,59,69,48,88,95,74,65,58,100,62,7,43,132,15,1,137,121,36,103,119,23,108,83,14,18,31,72,57,73,46,128,34,51,2,112,39,87,12,125,148,75,113,9,16,143,91,4,38,92,77,63,64,86,20,71,50,136,144,8,133,141,124,24,11,41,126,85,96,109,110,35,116,33,80,61,111,82,102,67,25,104,78,105
149,26,101,66,49,22,47,40,56,5,3,93,70,123,90,97,140,52,106,107,54,6,146,130,89,45,138,13,28,32,142,27,129,139,94,44,98,131,81,127,30,150,134,118,10,135,117,122,145,68,53,37,114,76,19,99,17,60,29,42,21,84,115,120,79,55,59,69,48,88,95,74,65,58,100,62,7,43,132,15,1,137,121,36,103,119,23,108,83,14,18,31,72,57,73,46,128,34,51,2,112,39,87,12,125,148,75,113,9,16,143,91,4,38,92,77,63,64,86,20,71,50,136,144,8,133,141,124,24,11,41,126,85,96,109,110,35,116,33,80,61,111,82,102,67,25,104,78,105,147
26,101,66,49,22,47,40,56,5,3,93,70,123,90,97,140,52,106,107,54,6,146,130,89,45,138,13,28,32,142,27,129,139,94,44,98,131,81,127,30,150,134,118,10,135,117,122,145,68,53,37,114,76,19,99,17,60,29,42,21,84,115,120,79,55,59,69,48,88,95,74,65,58,100,62,7,43,132,15,1,137,121,36,103,119,23,108,83,14,18,31,72,57,73,46,128,34,51,2,112,39,87,12,125,148,75,113,9,16,143,91,4,38,92,77,63,64,86,20,71,50,136,144,8,133,141,124,24,11,41,126,85,96,109,110,35,116,33,80,61,111,82,102,67,25,104,78,105,147,149
101,66,49,22,47,40,56,5,3,93,70,123,90,97,140,52,106,107,54,6,146,130,89,45,138,13,28,32,142,27,129,139,94,44,98,131,81,127,30,150,134,118,10,135,117,122,145,68,53,37,114,76,19,99,17,60,29,42,21,84,115,120,79,55,59,69,48,88,95,74,65,58,100,62,7,43,132,15,1,137,121,36,103,119,23,108,83,14,18,31,72,57,73,46,128,34,51,2,112,39,87,12,125,148,75,113,9,16,143,91,4,38,92,77,63,64,86,20,71,50,136,144,8,133,141,124,24,11,41,126,85,96,109,110,35,116,33,80,61,111,82,102,67,25,104,78,105,147,149,26
66,49,22,47,40,56,5,3,93,70,123,90,97,140,52,106,107,54,6,146,130,89,45,138,13,28,32,142,27,129,139,94,44,98,131,81,127,30,150,134,118,10,135,117,122,145,68,53,37,114,76,19,99,17,60,29,42,21,84,115,120,79,55,59,69,48,88,95,74,65,58,100,62,7,43,132,15,1,137,121,36,103,119,23,108,83,14,18,31,72,57,73,46,128,34,51,2,112,39,87,12,125,148,75,113,9,16,143,91,4,38,92,77,63,64,86,20,71,50,136,144,8,133,141,124,24,11,41,126,85,96,109,110,35,116,33,80,61,111,82,102,67,25,104,78,105,147,149,26,101
49,22,47,40,56,5,3,93,70,123,90,97,140,52,106,107,54,6,146,130,89,45,138,13,28,32,142,27,129,139,94,44,98,131,81,127,30,150,134,118,10,135,117,122,145,68,53,37,114,76,19,99,17,60,29,42,21,84,115,120,79,55,59,69,48,88,95,74,65,58,100,62,7,43,132,15,1,137,121,36,103,119,23,108,83,14,18,31,72,57,73,46,128,34,51,2,112,39,87,12,125,148,75,113,9,16,143,91,4,38,92,77,63,64,86,20,71,50,136,144,8,133,141,124,24,11,41,126,85,96,109,110,35,116,33,80,61,111,82,102,67,25,104,78,105,147,149,26,101,66
22,47,40,56,5,3,93,70,123,90,97,140,52,106,107,54,6,146,130,89,45,138,13,28,32,142,27,129,139,94,44,98,131,81,127,30,150,134,118,10,135,117,122,145,68,53,37,114,76,19,99,17,60,29,42,21,84,115,120,79,55,59,69,48,88,95,74,65,58,100,62,7,43,132,15,1,137,121,36,103,119,23,108,83,14,18,31,72,57,73,46,128,34,51,2,112,39,87,12,125,148,75,113,9,16,143,91,4,38,92,77,63,64,86,20,71,50,136,144,8,133,141,124,24,11,41,126,85,96,109,110,35,116,33,80,61,111,82,102,67,25,104,78,105,147,149,26,101,66,49
47,40,56,5,3,93,70,123,90,97,140,52,106,107,54,6,146,130,89,45,138,13,28,32,142,27,129,139,94,44,98,131,81,127,30,150,134,118,10,135,117,122,145,68,53,37,114,76,19,99,17,60,29,42,21,84,115,120,79,55,59,69,48,88,95,74,65,58,100,62,7,43,132,15,1,137,121,36,103,119,23,108,83,14,18,31,72,57,73,46,128,34,51,2,112,39,87,12,125,148,75,113,9,16,143,91,4,38,92,77,63,64,86,20,71,50,136,144,8,133,141,124,24,11,41,126,85,96,109,110,35,116,33,80,61,111,82,102,67,25,104,78,105,147,149,26,101,66,49,22
40,56,5,3,93,70,123,90,97,140,52,106,107,54,6,146,130,89,45,138,13,28,32,142,27,129,139,94,44,98,131,81,127,30,150,134,118,10,135,117,122,145,68,53,37,114,76,19,99,17,60,29,42,21,84,115,120,79,55,59,69,48,88,95,74,65,58,100,62,7,43,132,15,1,137,121,36,103,119,23,108,83,14,18,31,72,57,73,46,128,34,51,2,112,39,87,12,125,148,75,113,9,16,143,91,4,38,92,77,63,64,86,20,71,50,136,144,8,133,141,124,24,11,41,126,85,96,109,110,35,116,33,80,61,111,82,102,67,25,104,78,105,147,149,26,101,66,49,22,47
56,5,3,93,70,123,90,97,140,52,106,107,54,6,146,130,89,45,138,13,28,32,142,27,129,139,94,44,98,131,81,127,30,150,134,118,10,135,117,122,145,68,53,37,114,76,19,99,17,60,29,42,21,84,115,120,79,55,59,69,48,88,95,74,65,58,100,62,7,43,132,15,1,137,121,36,103,119,23,108,83,14,18,31,72,57,73,46,128,34,51,2,112,39,87,12,125,148,75,113,9,16,143,91,4,38,92,77,63,64,86,20,71,50,136,144,8,133,141,124,24,11,41,126,85,96,109,110,35,116,33,80,61,111,82,102,67,25,104,78,105,147,149,26,101,66,49,22,47,40
5,3,93,70,123,90,97,140,52,106,107,54,6,146,130,89,45,138,13,28,32,142,27,129,139,94,44,98,131,81,127,30,150,134,118,10,135,117,122,145,68,53,37,114,76,19,99,17,60,29,42,21,84,115,120,79,55,59,69,48,88,95,74,65,58,100,62,7,43,132,15,1,137,121,36,103,119,23,108,83,14,18,31,72,57,73,46,128,34,51,2,112,39,87,12,125,148,75,113,9,16,143,91,4,38,92,77,63,64,86,20,71,50,136,144,8,133,141,124,24,11,41,126,85,96,109,110,35,116,33,80,61,111,82,102,67,25,104,78,105,147,149,26,101,66,49,22,47,40,56
3,93,70,123,90,97,140,52,106,107,54,6,146,130,89,45,138,13,28,32,142,27,129,139,94,44,98,131,81,127,30,150,134,118,10,135,117,122,145,68,53,37,114,76,19,99,17,60,29,42,21,84,115,120,79,55,59,69,48,88,95,74,65,58,100,62,7,43,132,15,1,137,121,36,103,119,23,108,83,14,18,31,72,57,73,46,128,34,51,2,112,39,87,12,125,148,75,113,9,16,143,91,4,38,92,77,63,64,86,20,71,50,136,144,8,133,141,124,24,11,41,126,85,96,109,110,35,116,33,80,61,111,82,102,67,25,104,78,105,147,149,26,101,66,49,22,47,40,56,5
93,70,123,90,97,140,52,106,107,54,6,146,130,89,45,138,13,28,32,142,27,129,139,94,44,98,131,81,127,30,150,134,118,10,135,117,122,145,68,53,37,114,76,19,99,17,60,29,42,21,84,115,120,79,55,59,69,48,88,95,74,65,58,100,62,7,43,132,15,1,137,121,36,103,119,23,108,83,14,18,31,72,57,73,46,128,34,51,2,112,39,87,12,125,148,75,113,9,16,143,91,4,38,92,77,63,64,86,20,71,50,136,144,8,133,141,124,24,11,41,126,85,96,109,110,35,116,33,80,61,111,82,102,67,25,104,78,105,147,149,26,101,66,49,22,47,40,56,5,3
70,123,90,97,140,52,106,107,54,6,146,130,89,45,138,13,28,32,142,27,129,139,94,44,98,131,81,127,30,150,134,118,10,135,117,122,145,68,53,37,114,76,19,99,17,60,29,42,21,84,115,120,79,55,59,69,48,88,95,74,65,58,100,62,7,43,132,15,1,137,121,36,103,119,23,108,83,14,18,31,72,57,73,46,128,34,51,2,112,39,87,12,125,148,75,113,9,16,143,91,4,38,92,77,63,64,86,20,71,50,136,144,8,133,141,124,24,11,41,126,85,96,109,110,35,116,33,80,61,111,82,102,67,25,104,78,105,147,149,26,101,66,49,22,47,40,56,5,3,93
123,90,97,140,52,106,107,54,6,146,130,89,45,138,13,28,32,142,27,129,139,94,44,98,131,81,127,30,150,134,118,10,135,117,122,145,68,53,37,114,76,19,99,17,60,29,42,21,84,115,120,79,55,59,69,48,88,95,74,65,58,100,62,7,43,132,15,1,137,121,36,103,119,23,108,83,14,18,31,72,57,73,46,128,34,51,2,112,39,87,12,125,148,75,113,9,16,143,91,4,38,92,77,63,64,86,20,71,50,136,144,8,133,141,124,24,11,41,126,85,96,109,110,35,116,33,80,61,111,82,102,67,25,104,78,105,147,149,26,101,66,49,22,47,40,56,5,3,93,70
90,97,140,52,106,107,54,6,146,130,89,45,138,13,28,32,142,27,129,139,94,44,98,131,81,127,30,150,134,118,10,135,117,122,145,68,53,37,114,76,19,99,17,60,29,42,21,84,115,120,79,55,59,69,48,88,95,74,65,58,100,62,7,43,132,15,1,137,121,36,103,119,23,108,83,14,18,31,72,57,73,46,128,34,51,2,112,39,87,12,125,148,75,113,9,16,143,91,4,38,92,77,63,64,86,20,71,50,136,144,8,133,141,124,24,11,41,126,85,96,109,110,35,116,33,80,61,111,82,102,67,25,104,78,105,147,149,26,101,66,49,22,47,40,56,5,3,93,70,123
97,140,52,106,107,54,6,146,130,89,45,138,13,28,32,142,27,129,139,94,44,98,131,81,127,30,150,134,118,10,135,117,122,145,68,53,37,114,76,19,99,17,60,29,42,21,84,115,120,79,55,59,69,48,88,95,74,65,58,100,62,7,43,132,15,1,137,121,36,103,119,23,108,83,14,18,31,72,57,73,46,128,34,51,2,112,39,87,12,125,148,75,113,9,16,143,91,4,38,92,77,63,64,86,20,71,50,136,144,8,133,141,124,24,11,41,126,85,96,109,110,35,116,33,80,61,111,82,102,67,25,104,78,105,147,149,26,101,66,49,22,47,40,56,5,3,93,70,123,90
140,52,106,107,54,6,146,130,89,45,138,13,28,32,142,27,129,139,94,44,98,131,81,127,30,150,134,118,10,135,117,122,145,68,53,37,114,76,19,99,17,60,29,42,21,84,115,120,79,55,59,69,48,88,95,74,65,58,100,62,7,43,132,15,1,137,121,36,103,119,23,108,83,14,18,31,72,57,73,46,128,34,51,2,112,39,87,12,125,148,75,113,9,16,143,91,4,38,92,77,63,64,86,20,71,50,136,144,8,133,141,124,24,11,41,126,85,96,109,110,35,116,33,80,61,111,82,102,67,25,104,78,105,147,149,26,101,66,49,22,47,40,56,5,3,93,70,123,90,97
52,106,107,54,6,146,130,89,45,138,13,28,32,142,27,129,139,94,44,98,131,81,127,30,150,134,118,10,135,117,122,145,68,53,37,114,76,19,99,17,60,29,42,21,84,115,120,79,55,59,69,48,88,95,74,65,58,100,62,7,43,132,15,1,137,121,36,103,119,23,108,83,14,18,31,72,57,73,46,128,34,51,2,112,39,87,12,125,148,75,113,9,16,143,91,4,38,92,77,63,64,86,20,71,50,136,144,8,133,141,124,24,11,41,126,85,96,109,110,35,116,33,80,61,111,82,102,67,25,104,78,105,147,149,26,101,66,49,22,47,40,56,5,3,93,70,123,90,97,140
106,107,54,6,146,130,89,45,138,13,28,32,142,27,129,139,94,44,98,131,81,127,30,150,134,118,10,135,117,122,145,68,53,37,114,76,19,99,17,60,29,42,21,84,115,120,79,55,59,69,48,88,95,74,65,58,100,62,7,43,132,15,1,137,121,36,103,119,23,108,83,14,18,31,72,57,73,46,128,34,51,2,112,39,87,12,125,148,75,113,9,16,143,91,4,38,92,77,63,64,86,20,71,50,136,144,8,133,141,124,24,11,41,126,85,96,109,110,35,116,33,80,61,111,82,102,67,25,104,78,105,147,149,26,101,66,49,22,47,40,56,5,3,93,70,123,90,97,140,52
107,54,6,146,130,89,45,138,13,28,32,142,27,129,139,94,44,98,131,81,127,30,150,134,118,10,135,117,122,145,68,53,37,114,76,19,99,17,60,29,42,21,84,115,120,79,55,59,69,48,88,95,74,65,58,100,62,7,43,132,15,1,137,121,36,103,119,23,108,83,14,18,31,72,57,73,46,128,34,51,2,112,39,87,12,125,148,75,113,9,16,143,91,4,38,92,77,63,64,86,20,71,50,136,144,8,133,141,124,24,11,41,126,85,96,109,110,35,116,33,80,61,111,82,102,67,25,104,78,105,147,149,26,101,66,49,22,47,40,56,5,3,93,70,123,90,97,140,52,106
54,6,146,130,89,45,138,13,28,32,142,27,129,139,94,44,98,131,81,127,30,150,134,118,10,135,117,122,145,68,53,37,114,76,19,99,17,60,29,42,21,84,115,120,79,55,59,69,48,88,95,74,65,58,100,62,7,43,132,15,1,137,121,36,103,119,23,108,83,14,18,31,72,57,73,46,128,34,51,2,112,39,87,12,125,148,75,113,9,16,143,91,4,38,92,77,63,64,86,20,71,50,136,144,8,133,141,124,24,11,41,126,85,96,109,110,35,116,33,80,61,111,82,102,67,25,104,78,105,147,149,26,101,66,49,22,47,40,56,5,3,93,70,123,90,97,140,52,106,107
6,146,130,89,45,138,13,28,32,142,27,129,139,94,44,98,131,81,127,30,150,134,118,10,135,117,122,145,68,53,37,114,76,19,99,17,60,29,42,21,84,115,120,79,55,59,69,48,88,95,74,65,58,100,62,7,43,132,15,1,137,121,36,103,119,23,108,83,14,18,31,72,57,73,46,128,34,51,2,112,39,87,12,125,148,75,113,9,16,143,91,4,38,92,77,63,64,86,20,71,50,136,144,8,133,141,124,24,11,41,126,85,96,109,110,35,116,33,80,61,111,82,102,67,25,104,78,105,147,149,26,101,66,49,22,47,40,56,5,3,93,70,123,90,97,140,52,106,107,54
146,130,89,45,138,13,28,32,142,27,129,139,94,44,98,131,81,127,30,150,134,118,10,135,117,122,145,68,53,37,114,76,19,99,17,60,29,42,21,84,115,120,79,55,59,69,48,88,95,74,65,58,100,62,7,43,132,15,1,137,121,36,103,119,23,108,83,14,18,31,72,57,73,46,128,34,51,2,112,39,87,12,125,148,75,113,9,16,143,91,4,38,92,77,63,64,86,20,71,50,136,144,8,133,141,124,24,11,41,126,85,96,109,110,35,116,33,80,61,111,82,102,67,25,104,78,105,147,149,26,101,66,49,22,47,40,56,5,3,93,70,123,90,97,140,52,106,107,54,6
